0.01 26.99 0.36 0.21 9.63 -2.95 2.15 -0.02
0.04 26.85 0.32 0.21 9.62 -3.05 1.92 0.16
0.06 27.04 0.34 0.19 9.60 -2.76 1.86 -0.08
0.08 26.99 0.31 0.17 9.60 -3.04 2.09 0.07
0.11 26.70 0.33 0.20 9.64 -2.98 2.11 0.07
0.13 26.85 0.33 0.19 9.58 -2.96 1.98 -0.07
0.15 26.65 0.29 0.19 9.58 -2.84 1.88 0.05
0.17 26.70 0.28 0.18 9.61 -2.69 2.14 -0.10
0.20 26.89 0.33 0.17 9.60 -3.01 2.41 0.12
0.22 26.85 0.31 0.17 9.61 -3.11 2.00 -0.27
0.24 26.85 0.31 0.18 9.59 -3.25 1.95 -0.05
0.26 26.89 0.32 0.21 9.64 -3.02 2.19 -0.36
0.29 26.85 0.30 0.18 9.60 -3.00 1.97 0.19
0.31 26.80 0.34 0.17 9.61 -3.15 1.85 0.11
0.33 27.04 0.32 0.16 9.60 -2.92 2.34 0.19
0.35 26.51 0.32 0.20 9.59 -3.10 2.18 0.08
0.38 26.80 0.32 0.17 9.62 -2.79 2.21 -0.22
0.40 26.80 0.29 0.17 9.63 -2.94 1.90 0.21
0.42 26.80 0.37 0.20 9.65 -2.75 2.05 0.06
0.44 26.80 0.31 0.21 9.57 -3.11 2.27 -0.08
0.47 26.80 0.36 0.20 9.61 -3.04 2.02 -0.14
0.49 26.65 0.30 0.20 9.59 -3.05 1.85 -0.21
0.51 27.09 0.32 0.22 9.59 -2.77 2.11 -0.02
0.54 26.89 0.32 0.22 9.60 -2.94 2.28 -0.11
0.56 26.65 0.29 0.19 9.63 -3.01 2.03 -0.09
0.58 26.85 0.32 0.21 9.56 -3.01 1.96 0.11
0.60 26.85 0.33 0.22 9.62 -2.95 2.02 -0.02
0.63 26.80 0.32 0.22 9.64 -3.19 1.96 -0.02
0.65 26.80 0.30 0.15 9.63 -2.88 2.14 -0.05
0.67 26.80 0.31 0.17 9.60 -2.97 1.99 0.03
0.70 26.89 0.34 0.23 9.62 -3.04 2.06 -0.11
0.72 26.99 0.32 0.17 9.59 -3.05 2.09 0.01
0.74 26.65 0.30 0.19 9.65 -3.06 1.90 0.18
0.76 26.80 0.31 0.18 9.61 -2.75 1.90 -0.11
0.79 27.04 0.31 0.15 9.55 -3.00 2.11 -0.22
0.81 26.85 0.33 0.17 9.61 -3.12 1.98 0.12
0.83 27.09 0.33 0.16 9.61 -3.17 1.76 0.02
0.85 27.04 0.35 0.21 9.61 -3.02 2.18 -0.07
0.88 26.56 0.34 0.19 9.59 -2.85 2.02 0.04
0.90 27.18 0.30 0.18 9.63 -3.16 1.96 -0.01
0.92 27.04 0.31 0.20 9.55 -3.36 2.40 -0.20
0.94 26.80 0.31 0.19 9.52 -3.18 2.03 0.02
0.97 26.80 0.32 0.24 9.54 -3.14 1.88 0.10
0.99 26.89 0.35 0.19 9.58 -2.73 2.08 -0.05
1.01 26.56 0.32 0.22 9.65 -2.83 2.28 0.05
1.03 26.99 0.31 0.21 9.61 -2.73 1.88 -0.05
1.06 26.85 0.33 0.20 9.63 -2.90 2.18 -0.11
1.08 26.80 0.34 0.18 9.60 -2.70 2.24 0.21
1.10 26.89 0.34 0.19 9.61 -2.50 1.92 -0.04
1.12 26.85 0.34 0.19 9.61 -3.14 2.05 0.21
1.15 27.04 0.36 0.20 9.61 -2.89 2.05 -0.19
1.17 26.89 0.30 0.16 9.63 -2.89 1.96 0.11
1.19 26.99 0.30 0.15 9.60 -2.85 2.08 -0.03
1.22 26.99 0.32 0.19 9.58 -2.94 1.96 0.00
1.24 26.89 0.33 0.22 9.64 -3.27 1.97 -0.02
1.26 26.65 0.33 0.17 9.64 -3.03 2.10 -0.15
1.28 26.85 0.35 0.19 9.57 -2.91 1.87 0.03
1.31 26.85 0.31 0.21 9.64 -3.21 2.07 -0.16
1.33 26.85 0.36 0.16 9.60 -2.84 1.79 -0.34
1.35 26.80 0.36 0.17 9.62 -2.93 2.24 -0.27
1.37 26.99 0.31 0.19 9.59 -2.95 1.98 -0.37
1.40 26.85 0.34 0.18 9.61 -3.03 2.02 0.09
1.42 26.85 0.38 0.19 9.60 -3.07 1.99 0.12
1.44 26.65 0.35 0.21 9.57 -2.55 2.24 0.18
1.47 26.80 0.33 0.21 9.63 -2.84 1.74 0.05
1.49 26.99 0.33 0.19 9.61 -3.05 2.15 0.22
1.51 26.89 0.32 0.17 9.64 -3.09 1.97 0.02
1.53 26.70 0.33 0.18 9.64 -3.18 2.18 -0.23
1.55 26.85 0.32 0.18 9.60 -2.92 1.93 -0.10
1.58 26.56 0.35 0.19 9.65 -3.17 2.18 0.22
1.60 26.80 0.28 0.16 9.55 -3.20 2.11 0.02
1.62 26.99 0.33 0.20 9.61 -2.75 1.96 -0.40
1.65 26.89 0.34 0.16 9.61 -3.01 1.98 -0.06
1.67 26.80 0.34 0.17 9.60 -3.02 1.91 0.04
1.69 26.65 0.31 0.17 9.55 -3.21 1.97 -0.02
1.71 26.65 0.33 0.24 9.60 -3.05 2.00 0.20
1.74 26.89 0.33 0.20 9.58 -3.11 1.97 0.11
1.76 27.04 0.30 0.19 9.61 -2.98 2.13 -0.12
1.78 26.89 0.33 0.17 9.58 -2.90 2.27 -0.22
1.80 26.89 0.31 0.19 9.56 -3.05 1.96 0.14
1.83 26.70 0.32 0.23 9.64 -3.10 2.05 -0.16
1.85 26.85 0.32 0.19 9.65 -2.76 1.89 -0.15
1.87 26.85 0.32 0.19 9.62 -2.68 2.02 0.08
1.89 26.89 0.32 0.20 9.64 -2.94 2.09 -0.21
1.92 26.85 0.33 0.18 9.60 -2.95 2.06 -0.30
1.94 26.80 0.32 0.20 9.58 -2.94 1.78 0.08
1.96 26.85 0.33 0.20 9.61 -3.00 1.76 0.06
1.98 26.85 0.31 0.19 9.61 -3.00 1.97 -0.08
2.01 26.89 0.34 0.20 9.58 -3.18 1.98 -0.05
2.03 26.89 0.34 0.21 9.61 -2.91 2.08 0.11
2.05 26.80 0.32 0.20 9.61 -3.02 2.09 -0.09
2.08 26.99 0.34 0.17 9.64 -3.30 1.91 -0.02
2.10 26.80 0.32 0.16 9.59 -2.92 1.83 -0.27
2.12 27.04 0.31 0.16 9.56 -2.77 2.05 -0.24
2.14 26.80 0.32 0.20 9.65 -3.13 2.16 0.12
2.17 26.89 0.32 0.19 9.59 -3.01 1.76 -0.28
2.19 26.80 0.31 0.18 9.58 -2.95 1.92 -0.02
2.21 26.56 0.33 0.17 9.65 -2.79 1.90 0.03
2.24 26.99 0.30 0.19 9.58 -2.98 2.30 0.07
2.26 26.80 0.33 0.15 9.58 -2.97 1.88 0.03
2.28 27.04 0.28 0.22 9.69 -3.37 1.89 -0.02
2.30 26.80 0.31 0.21 9.61 -3.09 2.10 0.22
2.33 26.80 0.33 0.19 9.59 -2.98 2.27 -0.05
2.35 27.09 0.35 0.19 9.59 -2.68 2.06 -0.18
2.37 26.89 0.29 0.18 9.61 -2.96 2.05 0.03
2.39 26.89 0.33 0.21 9.59 -2.60 1.85 -0.06
2.42 26.99 0.32 0.18 9.59 -3.09 1.99 -0.05
2.44 26.80 0.33 0.22 9.61 -2.97 2.44 -0.05
2.46 26.80 0.30 0.18 9.63 -2.91 2.27 0.15
2.48 26.70 0.32 0.16 9.59 -2.87 2.17 -0.08
2.51 26.99 0.34 0.21 9.64 -3.02 2.11 -0.24
2.53 26.80 0.32 0.20 9.60 -2.98 2.01 0.10
2.55 26.85 0.36 0.20 9.59 -2.81 2.07 0.37
2.57 26.85 0.34 0.19 9.61 -3.02 2.18 -0.05
2.60 26.89 0.34 0.20 9.57 -3.13 2.03 -0.13
2.62 26.80 0.30 0.18 9.60 -3.05 1.95 0.02
2.64 26.89 0.35 0.20 9.56 -2.82 2.02 0.06
2.67 26.80 0.33 0.17 9.59 -2.92 2.17 0.10
2.69 26.85 0.32 0.18 9.58 -2.94 1.80 -0.18
2.71 26.80 0.33 0.19 9.66 -3.15 2.24 0.18
2.73 26.85 0.34 0.21 9.62 -2.89 2.08 -0.11
2.76 26.85 0.32 0.18 9.59 -2.97 1.89 0.06
2.78 26.89 0.32 0.18 9.60 -2.76 2.30 0.28
2.80 26.65 0.33 0.18 9.55 -3.18 2.16 0.08
2.82 26.89 0.34 0.18 9.61 -2.85 1.92 -0.33
2.85 26.89 0.31 0.20 9.52 -3.08 1.95 -0.04
2.87 26.85 0.33 0.20 9.61 -3.24 1.98 0.05
2.89 26.89 0.31 0.17 9.57 -2.85 2.14 -0.13
2.91 26.65 0.33 0.16 9.59 -3.08 2.18 -0.02
2.94 26.99 0.30 0.16 9.65 -2.93 2.11 -0.28
2.96 26.80 0.31 0.17 9.64 -3.08 1.92 0.12
2.98 26.89 0.34 0.23 9.54 -3.01 2.08 0.02
3.00 26.85 0.31 0.20 9.63 -3.17 1.97 -0.08
3.03 26.99 0.32 0.20 9.58 -3.19 2.05 -0.08
3.05 26.80 0.31 0.22 9.59 -3.03 2.15 -0.14
3.07 26.80 0.36 0.19 9.63 -3.15 1.93 0.15
3.10 26.80 0.33 0.22 9.58 -3.00 2.02 -0.14
3.12 26.89 0.30 0.18 9.59 -3.01 1.95 0.08
3.14 26.80 0.30 0.17 9.64 -3.19 1.98 0.18
3.16 26.80 0.35 0.23 9.62 -3.04 1.98 -0.05
3.19 26.65 0.33 0.18 9.60 -3.10 2.04 0.05
3.21 27.18 0.32 0.22 9.63 -3.31 1.98 0.06
3.23 26.85 0.34 0.17 9.54 -3.10 1.95 -0.13
3.25 26.85 0.31 0.19 9.62 -3.08 2.03 0.11
3.28 26.89 0.34 0.14 9.60 -3.11 2.16 -0.16
3.30 26.99 0.34 0.18 9.59 -2.69 1.91 -0.02
3.32 26.89 0.32 0.22 9.58 -3.16 1.95 -0.09
3.34 26.80 0.35 0.22 9.65 -2.99 2.26 -0.21
3.37 26.89 0.33 0.16 9.55 -3.01 1.95 -0.03
3.39 26.80 0.32 0.19 9.61 -3.25 1.92 -0.09
3.41 26.70 0.31 0.19 9.62 -3.04 1.98 0.14
3.44 26.89 0.34 0.17 9.66 -2.95 2.18 0.21
3.46 26.80 0.31 0.20 9.60 -2.97 2.00 -0.15
3.48 26.85 0.32 0.16 9.60 -2.90 2.02 0.10
3.50 26.80 0.35 0.18 9.60 -3.02 2.14 -0.16
3.53 26.80 0.32 0.20 9.59 -3.17 1.95 0.26
3.55 26.65 0.34 0.21 9.60 -3.10 2.11 -0.05
3.57 26.80 0.34 0.20 9.60 -3.10 2.15 -0.20
3.59 26.80 0.31 0.20 9.55 -3.09 2.10 -0.07
3.62 27.04 0.30 0.20 9.60 -2.80 2.02 -0.21
3.64 26.85 0.34 0.17 9.63 -2.90 2.09 0.27
3.66 26.80 0.35 0.23 9.58 -2.77 1.97 0.07
3.68 26.99 0.35 0.17 9.60 -2.76 1.92 -0.02
3.71 26.85 0.30 0.22 9.60 -3.21 1.95 0.22
3.73 26.85 0.31 0.21 9.56 -3.08 2.24 -0.02
3.75 26.99 0.37 0.20 9.61 -3.02 2.07 -0.02
3.78 26.80 0.32 0.18 9.60 -2.98 2.00 0.16
3.80 26.89 0.34 0.19 9.66 -3.07 2.13 -0.05
3.82 26.70 0.34 0.19 9.58 -2.87 2.05 0.15
3.84 26.89 0.32 0.20 9.60 -2.73 2.36 -0.31
3.87 26.85 0.38 0.19 9.62 -3.07 1.92 0.08
3.89 26.85 0.32 0.20 9.66 -2.92 2.02 -0.12
3.91 26.80 0.35 0.16 9.64 -2.93 2.05 -0.03
3.93 26.80 0.34 0.18 9.59 -3.02 1.85 -0.15
3.96 26.89 0.32 0.20 9.58 -3.15 1.82 0.07
3.98 26.89 0.35 0.20 9.64 -2.85 2.13 0.14
4.00 26.85 0.37 0.17 9.60 -3.09 1.97 0.24
4.02 26.89 0.33 0.25 9.61 -2.87 2.15 -0.15
4.05 26.80 0.37 0.21 9.64 -2.98 1.68 0.18
4.07 26.99 0.32 0.19 9.63 -2.86 1.88 -0.20
4.09 26.56 0.32 0.17 9.58 -3.15 1.85 -0.17
4.11 26.80 0.31 0.21 9.63 -3.22 2.05 0.21
4.14 26.80 0.33 0.18 9.57 -3.04 2.02 0.15
4.16 26.99 0.34 0.19 9.62 -2.97 2.11 -0.19
4.18 26.99 0.33 0.21 9.59 -3.12 2.05 -0.05
4.21 26.85 0.35 0.20 9.59 -3.10 2.06 0.08
4.23 26.80 0.34 0.15 9.55 -3.18 2.06 0.01
4.25 26.89 0.34 0.19 9.52 -3.06 2.19 0.06
4.27 26.85 0.32 0.16 9.57 -2.98 1.80 -0.22
4.30 26.85 0.31 0.18 9.57 -2.96 2.27 0.15
4.32 26.65 0.31 0.20 9.61 -2.99 2.00 -0.24
4.34 26.89 0.29 0.20 9.61 -2.89 2.21 0.05
4.36 26.89 0.32 0.15 9.64 -3.04 1.92 -0.16
4.39 26.80 0.33 0.21 9.58 -3.10 2.01 0.21
4.41 26.85 0.31 0.20 9.61 -3.05 2.09 0.21
4.43 26.70 0.35 0.19 9.61 -2.82 1.96 -0.10
4.45 26.85 0.30 0.19 9.65 -3.01 2.07 0.15
4.48 26.99 0.34 0.19 9.63 -3.02 2.05 0.19
4.50 26.80 0.37 0.18 9.58 -2.64 2.25 -0.12
4.52 27.04 0.36 0.21 9.62 -2.98 1.95 -0.02
4.54 26.99 0.30 0.16 9.63 -3.18 2.13 -0.04
4.57 26.80 0.34 0.19 9.61 -2.92 2.18 -0.06
4.59 26.80 0.31 0.19 9.65 -2.86 1.99 -0.05
4.61 26.80 0.33 0.20 9.62 -2.89 2.35 0.21
4.63 26.89 0.30 0.18 9.59 -3.15 2.05 -0.10
4.66 26.89 0.33 0.20 9.64 -2.92 1.85 -0.08
4.68 26.89 0.34 0.22 9.59 -3.17 1.96 0.04
4.70 26.89 0.33 0.19 9.58 -3.15 2.17 -0.13
4.73 26.89 0.33 0.22 9.61 -3.03 1.85 0.15
4.75 27.04 0.34 0.18 9.63 -2.98 2.17 -0.09
4.77 26.85 0.31 0.21 9.63 -2.82 2.00 -0.14
4.79 26.85 0.34 0.21 9.62 -3.05 1.89 0.14
4.82 26.99 0.35 0.17 9.60 -2.94 2.09 0.02
4.84 26.85 0.31 0.17 9.59 -3.05 2.05 0.18
4.86 26.80 0.32 0.22 9.60 -2.85 2.12 -0.06
4.88 26.85 0.33 0.20 9.62 -2.89 1.86 -0.08
4.91 26.85 0.34 0.18 9.59 -3.12 2.09 0.07
4.93 26.80 0.34 0.18 9.62 -3.06 1.98 0.17
4.95 26.80 0.33 0.18 9.58 -2.92 2.07 0.09
4.97 26.80 0.33 0.22 9.63 -3.11 2.08 0.16
5.00 26.56 0.33 0.16 9.66 -3.31 1.91 -0.03
5.02 26.99 0.29 0.18 9.58 -3.09 2.24 0.05
5.04 26.80 0.33 0.22 9.60 -3.06 1.90 -0.21
5.06 26.80 0.32 0.19 9.64 -3.16 2.21 0.18
5.09 26.89 0.34 0.19 9.60 -2.92 1.99 -0.10
5.11 26.89 0.30 0.19 9.60 -2.77 2.27 -0.05
5.13 26.89 0.34 0.22 9.58 -3.00 2.18 -0.08
5.16 26.65 0.33 0.24 9.59 -3.15 2.07 -0.09
5.18 26.80 0.33 0.22 9.61 -2.88 2.16 -0.08
5.20 27.09 0.29 0.20 9.63 -2.82 2.23 -0.27
5.22 26.85 0.32 0.19 9.63 -2.76 2.10 -0.11
5.25 26.80 0.33 0.21 9.63 -3.06 2.01 0.11
5.27 26.89 0.32 0.21 9.60 -3.01 2.04 -0.03
5.29 26.80 0.34 0.20 9.61 -3.03 1.98 0.06
5.31 26.80 0.31 0.18 9.60 -3.07 1.86 -0.17
5.34 26.85 0.32 0.20 9.61 -3.04 2.19 -0.27
5.36 26.89 0.32 0.16 9.59 -3.13 2.13 0.25
5.38 26.37 0.31 0.18 9.62 -2.66 1.94 0.19
5.40 26.85 0.35 0.15 9.57 -2.66 1.88 0.14
5.43 26.89 0.32 0.17 9.60 -2.95 2.15 -0.26
5.45 26.89 0.34 0.20 9.59 -2.98 1.95 -0.17
5.47 26.70 0.35 0.19 9.61 -2.91 1.90 0.04
5.50 26.56 0.30 0.20 9.59 -3.00 2.01 0.03
5.52 26.99 0.33 0.18 9.60 -3.02 2.10 -0.22
5.54 26.85 0.33 0.21 9.61 -3.05 1.70 -0.25
5.56 26.99 0.31 0.19 9.57 -2.83 2.45 -0.11
5.59 26.99 0.33 0.18 9.59 -2.87 2.18 0.04
5.61 26.80 0.34 0.16 9.59 -2.92 2.15 -0.19
5.63 26.89 0.35 0.19 9.63 -3.01 2.01 0.03
5.65 27.04 0.29 0.21 9.56 -3.27 2.03 -0.02
5.68 27.04 0.34 0.22 9.63 -3.04 2.05 -0.05
5.70 26.70 0.32 0.18 9.59 -2.93 2.01 -0.23
5.72 26.99 0.32 0.18 9.57 -2.76 2.27 0.12
5.74 26.89 0.33 0.19 9.54 -2.87 1.89 0.18
5.77 26.80 0.33 0.18 9.58 -2.85 2.02 0.15
5.79 26.89 0.31 0.19 9.63 -2.82 1.87 0.05
5.81 26.80 0.37 0.19 9.55 -3.18 2.21 -0.04
5.83 26.85 0.35 0.23 9.62 -3.15 2.00 -0.37
5.86 27.04 0.38 0.18 9.59 -3.06 2.18 0.02
5.88 26.80 0.35 0.17 9.53 -2.82 1.98 0.27
5.90 26.89 0.32 0.17 9.64 -2.69 1.94 -0.10
5.93 26.89 0.31 0.18 9.60 -2.92 2.08 0.15
5.95 26.80 0.31 0.20 9.63 -3.32 1.76 0.05
5.97 26.65 0.29 0.20 9.61 -3.21 2.21 0.04
5.99 26.80 0.35 0.18 9.62 -3.21 1.98 -0.14
6.02 26.85 0.30 0.17 9.53 -2.92 2.29 0.11
6.04 26.85 0.29 0.19 9.58 -2.90 2.13 -0.09
6.06 26.80 0.31 0.19 9.60 -3.08 2.03 -0.08
6.08 26.80 0.35 0.18 9.60 -2.93 2.18 -0.15
6.11 26.89 0.31 0.18 9.57 -2.90 2.11 0.02
6.13 26.85 0.33 0.18 9.62 -3.16 2.32 -0.04
6.15 26.99 0.29 0.19 9.57 -3.08 2.06 -0.01
6.17 26.99 0.33 0.23 9.64 -2.99 1.99 0.15
6.20 26.99 0.37 0.17 9.68 -3.06 1.98 -0.04
6.22 26.89 0.31 0.21 9.58 -2.88 2.13 0.06
6.24 26.89 0.28 0.19 9.58 -2.83 2.13 0.06
6.26 27.09 0.34 0.19 9.63 -2.95 1.94 -0.02
6.29 26.89 0.33 0.22 9.64 -2.95 1.87 0.10
6.31 26.56 0.31 0.19 9.60 -2.68 1.82 -0.31
6.33 26.89 0.27 0.18 9.61 -2.90 2.24 -0.02
6.36 26.85 0.33 0.19 9.58 -3.00 2.27 -0.12
6.38 26.80 0.32 0.20 9.60 -2.95 2.21 -0.10
6.40 26.85 0.36 0.19 9.62 -3.03 2.08 -0.14
6.42 26.65 0.30 0.21 9.58 -2.96 2.14 0.18
6.45 26.85 0.34 0.17 9.55 -2.89 1.98 0.19
6.47 26.89 0.29 0.21 9.66 -2.88 2.00 0.02
6.49 26.89 0.36 0.20 9.58 -2.92 1.93 -0.10
6.51 26.80 0.36 0.22 9.55 -2.89 2.18 0.05
6.54 26.89 0.31 0.18 9.57 -3.14 2.19 -0.18
6.56 26.80 0.38 0.23 9.58 -3.05 1.95 -0.08
6.58 26.65 0.32 0.20 9.60 -2.92 2.03 0.12
6.60 26.89 0.33 0.19 9.62 -3.25 1.84 0.03
6.63 26.80 0.30 0.19 9.59 -2.86 1.94 0.00
6.65 26.85 0.34 0.16 9.62 -2.73 1.90 0.02
6.67 26.99 0.34 0.16 9.58 -2.87 2.09 0.07
6.69 26.80 0.32 0.20 9.62 -2.85 2.02 -0.19
6.72 26.89 0.34 0.20 9.64 -2.96 1.95 0.10
6.74 26.89 0.29 0.21 9.57 -2.59 2.01 -0.24
6.76 26.89 0.33 0.20 9.57 -3.24 2.19 -0.14
6.78 26.89 0.34 0.18 9.63 -2.87 2.27 -0.25
6.81 26.80 0.29 0.20 9.66 -2.89 1.92 0.18
6.83 26.80 0.35 0.16 9.58 -2.80 2.18 -0.11
6.85 26.89 0.31 0.20 9.63 -3.16 2.02 -0.10
6.88 26.80 0.34 0.20 9.59 -2.89 2.05 0.05
6.90 26.51 0.34 0.24 9.54 -2.83 2.05 0.05
6.92 26.80 0.35 0.22 9.61 -3.15 2.15 -0.03
6.94 26.89 0.34 0.22 9.63 -3.07 2.15 0.05
6.97 26.89 0.32 0.19 9.57 -3.05 1.98 -0.02
6.99 26.70 0.31 0.21 9.58 -2.98 1.89 0.11
7.01 26.56 0.30 0.17 9.59 -2.78 2.05 -0.02
7.03 26.89 0.33 0.18 9.59 -2.94 1.81 -0.09
7.06 26.99 0.34 0.18 9.56 -2.92 1.81 -0.11
7.08 26.80 0.30 0.16 9.57 -2.95 2.09 -0.27
7.10 26.89 0.33 0.17 9.56 -3.00 1.89 0.10
7.12 26.89 0.34 0.20 9.56 -2.97 2.13 -0.05
7.15 26.80 0.34 0.22 9.62 -2.97 2.27 0.16
7.17 26.89 0.31 0.17 9.64 -3.04 1.90 0.02
7.19 26.80 0.33 0.20 9.63 -2.92 1.92 -0.11
7.22 26.80 0.34 0.18 9.56 -2.92 1.93 0.02
7.24 26.99 0.35 0.22 9.63 -2.88 2.09 0.01
7.26 26.70 0.34 0.20 9.62 -2.95 1.79 -0.08
7.28 26.99 0.32 0.17 9.59 -2.91 2.14 -0.27
7.31 26.80 0.30 0.20 9.60 -3.07 2.05 0.25
7.33 26.80 0.34 0.20 9.63 -2.85 1.94 -0.01
7.35 27.04 0.33 0.21 9.60 -3.12 2.03 -0.16
7.37 26.85 0.33 0.19 9.59 -2.88 1.98 0.10
7.40 27.04 0.33 0.17 9.68 -3.15 2.15 -0.25
7.42 26.89 0.31 0.15 9.57 -3.20 2.16 -0.03
7.44 26.89 0.31 0.18 9.58 -3.02 1.94 0.24
7.46 26.80 0.34 0.20 9.59 -2.62 2.19 -0.39
7.49 26.89 0.33 0.20 9.62 -2.93 2.11 0.11
7.51 26.89 0.33 0.17 9.64 -3.11 2.17 -0.15
7.53 26.51 0.30 0.21 9.64 -2.95 1.69 -0.05
7.56 26.56 0.30 0.22 9.62 -3.08 1.96 -0.02
7.58 26.85 0.34 0.19 9.64 -2.87 2.18 -0.18
7.60 26.85 0.33 0.18 9.63 -2.94 2.09 0.14
7.62 26.80 0.34 0.18 9.57 -2.66 2.11 0.31
7.65 26.80 0.30 0.22 9.63 -3.12 1.88 -0.18
7.67 26.89 0.31 0.17 9.58 -3.03 1.95 0.03
7.69 26.89 0.32 0.20 9.63 -2.87 1.67 -0.07
7.71 26.89 0.33 0.20 9.58 -2.94 2.19 -0.08
7.74 26.51 0.32 0.17 9.60 -3.01 1.86 -0.06
7.76 26.85 0.30 0.20 9.53 -3.10 2.31 -0.15
7.78 26.99 0.33 0.15 9.60 -2.94 1.83 -0.06
7.80 26.80 0.31 0.18 9.62 -3.27 1.88 0.08
7.83 26.80 0.29 0.20 9.60 -2.93 1.93 0.15
7.85 27.04 0.35 0.18 9.59 -2.61 2.05 -0.41
7.87 26.80 0.32 0.16 9.53 -3.02 2.00 0.07
7.90 26.89 0.28 0.17 9.60 -2.93 1.98 -0.02
7.92 26.89 0.33 0.21 9.64 -3.15 1.98 -0.02
7.94 26.80 0.34 0.21 9.61 -3.11 1.90 0.13
7.96 26.89 0.35 0.17 9.62 -3.08 2.13 -0.02
7.99 26.85 0.30 0.20 9.59 -2.95 2.24 -0.15
8.01 26.80 0.35 0.20 9.61 -3.04 2.08 0.29
8.03 26.89 0.33 0.18 9.60 -2.84 2.24 -0.06
8.05 26.85 0.30 0.19 9.58 -3.04 1.87 0.12
8.08 26.80 0.36 0.18 9.60 -3.20 1.96 -0.29
8.10 26.99 0.36 0.20 9.59 -2.89 2.04 -0.02
8.12 26.99 0.33 0.22 9.56 -3.12 2.12 0.06
8.15 26.56 0.36 0.17 9.55 -3.07 2.00 0.05
8.17 26.89 0.31 0.20 9.55 -3.12 1.95 0.00
8.19 26.85 0.29 0.19 9.55 -3.01 1.76 0.00
8.21 26.80 0.34 0.20 9.59 -3.05 2.11 -0.14
8.23 27.04 0.31 0.15 9.61 -2.81 1.98 -0.36
8.26 26.89 0.35 0.18 9.61 -3.06 1.92 0.18
8.28 26.99 0.35 0.16 9.58 -2.79 2.16 -0.06
8.30 26.80 0.33 0.20 9.63 -3.12 2.08 0.17
8.33 26.85 0.32 0.17 9.57 -3.14 1.72 0.18
8.35 26.99 0.34 0.21 9.64 -2.96 1.85 0.07
8.37 26.85 0.32 0.19 9.61 -3.47 1.84 0.04
8.39 26.85 0.33 0.20 9.62 -2.72 1.95 0.16
8.42 26.80 0.31 0.21 9.65 -2.98 2.11 -0.15
8.44 26.85 0.33 0.19 9.64 -2.78 2.11 -0.07
8.46 27.04 0.35 0.22 9.61 -3.15 1.85 -0.06
8.48 26.99 0.33 0.16 9.59 -3.10 1.79 -0.08
8.51 26.80 0.33 0.20 9.63 -2.85 2.09 -0.11
8.53 26.85 0.34 0.18 9.58 -3.13 1.88 0.08
8.55 26.80 0.32 0.19 9.65 -2.76 1.97 -0.06
8.57 26.99 0.33 0.19 9.64 -2.98 1.96 0.18
8.60 26.80 0.33 0.23 9.58 -2.89 1.95 0.02
8.62 26.85 0.33 0.20 9.58 -3.09 2.18 0.05
8.64 26.85 0.33 0.16 9.62 -3.28 1.89 -0.24
8.67 27.04 0.35 0.21 9.64 -3.01 1.94 0.06
8.69 26.65 0.33 0.22 9.62 -2.90 1.95 0.10
8.71 26.80 0.33 0.21 9.61 -3.18 2.20 -0.18
8.73 26.85 0.33 0.15 9.58 -3.04 2.12 0.28
8.76 27.04 0.35 0.20 9.57 -2.83 1.93 0.17
8.78 26.80 0.32 0.21 9.57 -3.13 2.10 -0.28
8.80 26.65 0.32 0.18 9.59 -3.02 1.87 0.18
8.82 26.65 0.29 0.20 9.61 -3.10 1.92 -0.02
8.85 27.09 0.31 0.19 9.59 -3.11 2.00 0.15
8.87 26.56 0.33 0.15 9.60 -2.88 2.14 -0.20
8.89 26.89 0.35 0.20 9.59 -3.08 2.19 -0.14
8.91 26.80 0.35 0.17 9.62 -2.69 2.15 -0.05
8.94 26.80 0.32 0.18 9.58 -3.23 2.16 -0.11
8.96 26.80 0.33 0.20 9.58 -2.98 2.24 -0.05
8.98 26.80 0.35 0.23 9.62 -2.98 2.15 -0.11
9.01 27.04 0.36 0.21 9.58 -2.90 2.20 0.25
9.03 26.99 0.34 0.21 9.66 -2.91 1.96 -0.05
9.05 26.80 0.32 0.19 9.61 -3.17 1.98 0.13
9.07 26.89 0.35 0.19 9.55 -2.73 2.10 -0.18
9.10 26.80 0.32 0.17 9.57 -3.24 2.01 0.17
9.12 26.56 0.34 0.22 9.61 -3.15 1.96 -0.05
9.14 26.85 0.36 0.17 9.65 -2.90 2.13 -0.07
9.16 26.70 0.34 0.19 9.63 -2.86 2.05 -0.06
9.19 26.65 0.30 0.15 9.62 -2.99 2.08 -0.24
9.21 26.85 0.34 0.21 9.59 -2.92 2.19 -0.12
9.23 26.89 0.32 0.18 9.59 -2.92 1.93 -0.37
9.25 26.85 0.35 0.16 9.64 -2.89 1.86 -0.13
9.28 26.65 0.32 0.18 9.63 -3.17 2.15 0.08
9.30 26.65 0.34 0.19 9.55 -2.94 1.79 -0.04
9.32 26.80 0.35 0.18 9.58 -3.08 2.26 0.02
9.35 26.85 0.35 0.20 9.61 -3.05 2.19 -0.17
9.37 26.70 0.31 0.20 9.58 -3.10 2.11 0.21
9.39 26.80 0.29 0.20 9.63 -2.91 2.04 -0.02
9.41 26.99 0.33 0.18 9.65 -3.00 2.09 -0.14
9.44 26.99 0.34 0.21 9.58 -3.00 1.98 -0.27
9.46 26.65 0.33 0.22 9.57 -2.70 2.26 0.08
9.48 27.04 0.34 0.21 9.67 -2.89 1.97 -0.08
9.50 26.89 0.31 0.23 9.61 -2.88 1.99 -0.05
9.53 26.99 0.30 0.19 9.63 -2.85 2.08 0.12
9.55 26.80 0.32 0.20 9.63 -3.00 1.98 -0.12
9.57 26.99 0.34 0.19 9.62 -3.23 2.04 -0.11
9.60 26.85 0.29 0.16 9.61 -2.86 2.24 -0.18
9.62 26.80 0.34 0.17 9.61 -2.73 1.98 0.19
9.64 26.85 0.31 0.20 9.53 -2.97 1.89 0.13
9.66 26.89 0.34 0.20 9.58 -2.88 2.15 -0.06
9.69 26.56 0.32 0.19 9.56 -3.20 2.12 -0.08
9.71 27.04 0.34 0.23 9.59 -3.07 1.88 0.16
9.73 26.80 0.34 0.20 9.58 -3.09 2.15 -0.41
9.75 26.85 0.31 0.20 9.60 -3.16 2.03 0.03
9.78 26.80 0.31 0.19 9.60 -2.95 2.06 0.05
9.80 26.99 0.31 0.19 9.65 -3.13 2.11 -0.27
9.82 26.80 0.34 0.21 9.61 -2.77 2.30 0.05
9.84 26.89 0.32 0.16 9.59 -2.93 2.17 0.07
9.87 26.89 0.30 0.15 9.59 -2.81 2.13 0.21
9.89 26.80 0.36 0.18 9.59 -2.61 2.05 -0.21
9.91 26.89 0.33 0.21 9.61 -2.79 2.12 -0.01
9.93 26.80 0.31 0.20 9.58 -2.92 2.26 -0.19
9.96 26.89 0.34 0.21 9.63 -3.14 2.14 -0.01
9.98 26.89 0.30 0.18 9.58 -2.94 2.16 -0.14
10.00 26.99 0.31 0.22 9.61 -2.96 1.92 0.08
10.02 26.89 0.32 0.20 9.62 -3.11 2.02 0.08
10.05 26.85 0.35 0.17 9.62 -2.86 2.14 0.08
10.07 26.80 0.35 0.19 9.65 -3.15 1.90 0.17
10.09 26.89 0.33 0.17 9.64 -3.15 1.92 -0.02
10.12 26.85 0.33 0.19 9.60 -3.08 1.92 -0.32
10.14 26.85 0.34 0.20 9.59 -3.13 2.09 0.08
10.16 27.18 0.33 0.23 9.63 -2.79 1.73 -0.03
10.19 26.89 0.33 0.17 9.62 -2.65 2.02 -0.10
10.21 26.80 0.36 0.18 9.60 -3.17 2.09 -0.08
10.23 26.80 0.33 0.17 9.59 -3.03 2.30 -0.04
10.26 26.99 0.34 0.23 9.65 -3.13 2.11 -0.02
10.28 26.80 0.35 0.22 9.67 -2.82 2.11 0.06
10.30 26.99 0.32 0.19 9.58 -2.85 1.79 -0.05
10.33 26.80 0.35 0.19 9.58 -3.08 1.96 -0.11
10.35 27.09 0.31 0.18 9.62 -3.00 2.16 0.07
10.37 26.80 0.38 0.19 9.58 -3.00 2.03 -0.05
10.40 26.80 0.31 0.19 9.62 -3.18 1.59 0.15
10.42 26.89 0.34 0.22 9.60 -3.05 2.03 0.05
10.44 26.89 0.31 0.18 9.67 -3.09 2.07 -0.09
10.47 26.85 0.32 0.22 9.61 -2.77 2.14 0.21
10.49 26.80 0.34 0.21 9.60 -2.82 2.25 -0.16
10.51 26.89 0.30 0.20 9.60 -2.83 2.02 0.02
10.53 26.85 0.34 0.17 9.59 -3.06 2.01 0.08
10.56 26.80 0.32 0.17 9.58 -2.91 1.89 -0.06
10.58 26.99 0.32 0.20 9.64 -2.78 2.04 -0.05
10.60 26.70 0.32 0.18 9.61 -2.79 2.03 -0.21
10.63 26.80 0.32 0.23 9.58 -2.96 2.33 -0.07
10.65 26.80 0.31 0.17 9.55 -3.12 1.98 -0.08
10.68 26.80 0.34 0.24 9.65 -3.11 1.89 -0.02
10.70 26.89 0.35 0.19 9.60 -2.87 2.21 -0.05
10.72 26.85 0.34 0.15 9.58 -2.69 2.21 0.20
10.75 26.80 0.31 0.16 9.62 -2.82 2.11 0.06
10.77 26.99 0.34 0.17 9.59 -2.80 1.98 0.14
10.79 26.80 0.31 0.17 9.59 -3.03 2.08 -0.02
10.81 26.80 0.33 0.21 9.64 -3.44 2.18 -0.20
10.84 26.99 0.33 0.17 9.60 -2.81 2.21 0.04
10.86 26.80 0.33 0.17 9.61 -3.31 2.06 0.18
10.88 26.80 0.34 0.20 9.59 -2.91 2.09 0.11
10.91 26.89 0.31 0.23 9.58 -3.21 2.08 -0.18
10.93 26.70 0.33 0.20 9.57 -3.04 2.14 0.04
10.95 26.89 0.34 0.17 9.52 -2.90 2.05 -0.04
10.98 26.99 0.35 0.19 9.64 -2.95 2.09 -0.13
11.00 26.85 0.37 0.19 9.58 -3.08 2.14 -0.11
11.02 26.80 0.32 0.19 9.63 -3.06 2.08 -0.04
11.05 27.09 0.33 0.19 9.58 -3.08 1.90 0.20
11.07 26.85 0.35 0.20 9.57 -2.95 1.89 -0.08
11.09 26.85 0.31 0.18 9.65 -2.93 2.03 -0.01
11.12 26.89 0.35 0.17 9.64 -3.05 1.95 -0.37
11.14 26.85 0.32 0.18 9.57 -2.84 1.74 -0.02
11.16 26.56 0.31 0.17 9.59 -3.15 2.02 0.02
11.19 26.85 0.30 0.19 9.64 -2.93 2.18 0.17
11.21 26.99 0.29 0.19 9.63 -3.02 2.12 -0.09
11.23 26.89 0.29 0.23 9.59 -2.99 2.08 0.02
11.25 26.80 0.31 0.17 9.58 -2.99 2.01 0.12
11.28 26.89 0.30 0.18 9.58 -3.02 1.95 0.39
11.30 26.70 0.31 0.20 9.62 -3.12 2.15 -0.15
11.32 26.85 0.33 0.18 9.63 -2.98 2.32 0.09
11.35 26.80 0.31 0.21 9.58 -2.95 2.16 0.15
11.37 26.89 0.33 0.19 9.62 -2.83 1.86 0.24
11.39 26.85 0.34 0.17 9.62 -3.02 2.11 0.18
11.42 26.85 0.33 0.19 9.62 -2.80 2.03 0.21
11.44 26.99 0.35 0.23 9.65 -3.14 2.01 0.04
11.46 26.85 0.34 0.22 9.62 -2.95 2.26 0.02
11.48 26.56 0.30 0.20 9.59 -2.48 2.21 -0.24
11.51 26.99 0.32 0.19 9.64 -2.23 2.41 -0.23
11.53 26.80 0.37 0.16 9.59 -2.29 2.36 0.08
11.55 26.89 0.33 0.19 9.60 -2.24 2.28 -0.07
11.58 26.89 0.48 0.09 9.60 -1.68 2.54 0.44
11.60 27.04 0.20 0.33 9.57 -2.43 2.26 0.23
11.62 26.80 0.31 0.22 9.58 -2.81 2.09 0.01
11.65 26.89 0.30 0.22 9.64 -2.53 2.06 -0.15
11.67 27.04 0.34 0.21 9.64 -2.73 1.94 0.19
11.69 26.70 0.29 0.21 9.56 -2.79 2.40 -0.02
11.72 26.80 0.34 0.22 9.64 -2.88 2.24 0.00
11.74 26.85 0.30 0.21 9.61 -2.70 1.96 -0.31
11.76 26.99 0.35 0.20 9.59 -3.11 2.03 0.02
11.78 27.04 0.30 0.19 9.59 -2.83 2.07 0.18
11.81 26.51 0.32 0.22 9.58 -2.50 2.08 -0.01
11.83 26.89 0.31 0.23 9.61 -2.59 1.82 0.21
11.85 26.65 0.29 0.26 9.58 -2.76 2.37 -0.14
11.88 26.89 0.34 0.23 9.64 -2.69 1.97 0.02
11.90 26.99 0.34 0.01 9.84 -3.31 2.04 0.07
11.92 26.85 0.28 0.18 9.67 3.50 1.95 0.08
11.94 26.85 0.30 0.32 9.57 3.17 2.17 -0.05
11.97 26.89 0.31 0.27 9.67 7.05 1.99 0.13
11.99 26.80 0.30 1.35 8.44 -9.25 2.06 -0.08
12.01 26.85 0.30 0.32 9.65 4.28 2.37 0.19
12.04 26.85 0.32 0.46 9.42 4.82 2.14 -0.23
12.06 27.04 0.24 0.30 9.61 0.35 2.22 0.28
12.08 26.85 0.29 0.63 9.20 5.70 2.11 -0.02
12.10 26.85 0.34 -0.55 10.61 8.97 2.46 0.07
12.13 26.85 0.29 0.27 9.71 3.65 2.08 0.31
12.15 26.89 0.34 0.66 9.36 -1.34 2.06 -0.11
12.17 26.89 0.31 0.46 9.51 2.14 2.35 0.29
12.19 26.99 0.29 0.53 9.50 -0.13 2.05 0.12
12.22 26.85 0.35 0.50 9.53 -1.60 2.33 -0.04
12.24 26.99 0.30 0.43 9.62 0.05 1.91 0.22
12.26 26.80 0.33 0.55 9.49 -2.06 2.14 0.19
12.29 26.65 0.29 0.47 9.60 2.96 2.20 0.07
12.31 26.99 0.31 0.58 9.59 0.12 2.10 0.14
12.33 26.80 0.28 0.52 9.58 -0.19 2.05 0.31
12.35 26.80 0.34 0.55 9.60 -0.22 2.15 0.04
12.38 26.56 0.32 0.52 9.56 -1.19 2.11 0.06
12.40 26.80 0.35 0.53 9.59 -1.31 2.02 0.00
12.42 26.80 0.31 0.54 9.58 -1.30 1.93 0.18
12.45 26.80 0.29 0.57 9.56 -2.04 1.97 -0.11
12.47 26.65 0.30 0.60 9.60 -2.40 2.22 0.02
12.49 26.56 0.32 0.55 9.66 -1.20 1.70 0.13
12.52 27.18 0.31 0.45 9.80 3.15 1.85 0.24
12.54 26.99 0.32 0.56 9.69 10.91 1.71 0.15
12.56 26.89 0.28 0.47 9.93 22.73 1.91 -0.27
12.58 26.80 0.34 0.74 9.70 34.56 1.76 -1.11
12.61 26.99 0.28 0.98 9.52 40.95 1.92 -0.41
12.63 26.89 0.29 1.11 9.48 44.83 1.79 0.04
12.65 26.85 0.31 1.43 9.36 38.32 1.75 -0.23
12.68 26.89 0.30 1.77 9.04 20.58 1.92 -0.04
12.70 26.85 0.32 1.79 9.03 -5.08 2.08 0.11
12.72 26.85 0.31 1.39 9.73 -5.10 1.95 -0.37
12.75 26.99 0.35 1.38 9.78 10.18 1.24 -5.03
12.77 26.80 0.36 1.64 9.48 24.64 0.95 -5.47
12.79 26.80 0.27 1.62 9.63 26.36 1.07 -5.73
12.82 26.89 0.31 1.70 9.71 37.27 1.11 -3.43
12.84 26.70 0.30 2.02 9.41 42.21 1.19 -2.20
12.86 26.99 0.31 2.21 9.36 40.84 1.56 -1.08
12.89 26.99 0.31 2.25 9.53 45.44 1.35 -0.86
12.91 26.89 0.33 2.63 9.16 50.20 1.62 -0.25
12.93 26.80 0.34 2.97 8.87 36.89 1.55 -0.01
12.96 26.99 0.31 3.07 8.90 18.41 2.03 -0.12
12.98 26.80 0.31 3.02 9.09 10.61 1.92 -0.41
13.00 26.80 0.39 3.02 9.13 8.43 1.18 -1.96
13.03 26.85 0.28 2.77 9.60 24.95 1.13 -2.50
13.05 27.04 0.36 3.06 9.31 44.65 1.76 0.01
13.07 26.85 0.33 3.29 9.21 57.43 1.89 0.03
13.10 26.85 0.32 3.59 9.01 70.31 1.58 0.23
13.12 26.89 0.42 4.23 9.11 63.66 3.08 -0.15
13.14 26.80 0.36 4.29 8.44 49.18 2.76 -0.15
13.17 26.80 0.26 4.47 8.17 34.50 2.29 -0.21
13.19 26.85 0.31 4.41 8.40 15.66 2.57 0.96
13.21 27.04 0.37 4.51 8.42 8.91 2.81 1.22
13.23 26.89 0.32 4.33 8.44 -1.57 2.34 0.87
13.26 26.85 0.34 4.40 8.63 -4.27 2.97 2.14
13.28 26.99 0.29 4.46 8.78 6.41 3.34 2.80
13.30 26.80 0.43 4.31 9.01 19.39 3.02 1.31
13.33 26.80 0.31 4.53 8.76 38.14 1.24 -1.06
13.35 26.89 0.33 4.72 8.59 49.47 1.44 -0.88
13.37 26.99 0.38 5.00 8.35 54.23 0.08 -3.39
13.40 26.70 0.22 5.12 8.22 50.09 -1.18 -4.81
13.42 26.80 0.19 5.36 7.91 47.02 -0.31 -3.85
13.44 26.80 0.28 5.53 7.76 41.28 0.19 -2.63
13.47 26.85 0.43 5.90 7.43 28.13 0.04 -2.44
13.49 26.99 0.33 5.77 7.74 20.64 -0.13 -3.17
13.51 26.89 0.29 5.89 7.74 23.49 -0.40 -3.63
13.54 26.85 0.36 5.93 7.57 21.75 0.40 -2.27
13.56 26.80 0.38 5.83 7.88 26.69 1.09 -1.13
13.59 26.89 0.32 6.05 7.66 36.47 1.53 -0.47
13.61 26.80 0.31 6.34 7.19 40.69 1.31 -0.55
13.63 26.89 0.33 6.29 7.50 53.98 1.95 -0.10
13.66 26.99 0.36 6.46 7.26 65.46 1.92 0.08
13.68 27.18 0.34 6.67 7.03 74.24 1.97 0.09
13.70 26.99 0.35 7.34 6.32 77.45 0.60 -1.15
13.72 26.85 0.31 7.07 6.56 84.35 -3.76 -4.82
13.75 26.99 0.34 7.40 6.13 82.23 -1.89 -3.02
13.77 26.85 0.33 7.79 5.63 70.12 -2.12 -3.18
13.80 27.04 0.32 7.85 5.50 43.94 1.09 -0.40
13.82 26.80 0.32 8.02 5.52 29.43 1.95 -0.08
13.84 26.85 0.36 8.10 5.34 27.53 2.19 0.06
13.86 26.99 0.36 8.15 5.25 20.53 2.08 0.04
13.89 26.80 0.37 8.19 5.31 20.97 1.63 -0.09
13.91 26.70 0.45 8.39 4.91 13.69 1.35 -0.60
13.94 26.85 0.29 8.32 5.07 8.23 -0.08 -1.51
13.96 26.89 0.32 8.30 5.19 13.05 -1.23 -2.19
13.98 26.70 0.36 8.37 4.92 21.73 -2.39 -2.89
14.01 27.18 0.34 8.38 5.01 34.11 -4.11 -4.13
14.03 26.89 0.29 8.38 4.96 35.47 -2.61 -2.71
14.06 26.89 0.24 8.52 4.78 38.20 -2.41 -2.66
14.08 26.80 0.32 8.72 4.37 32.87 -3.52 -2.98
14.10 26.89 0.13 8.99 3.91 17.06 -7.89 -5.47
14.13 26.89 0.33 8.60 4.62 12.27 -6.30 -4.82
14.15 26.99 0.31 8.76 4.35 17.25 -2.60 -2.59
14.18 26.80 0.46 8.80 4.15 13.73 -3.43 -2.51
14.20 26.80 0.40 8.76 4.32 16.64 -2.59 -2.33
14.22 26.89 0.34 8.88 4.15 22.18 0.50 -0.99
14.25 26.80 0.40 8.84 4.31 31.65 1.14 -0.14
14.27 27.18 0.33 8.96 3.94 40.72 1.08 -0.47
14.29 26.85 0.32 9.07 3.60 41.86 0.76 -0.50
14.32 27.04 0.33 9.18 3.39 39.67 1.45 -0.39
14.34 26.85 0.32 9.20 3.40 39.27 1.32 -0.21
14.36 26.99 0.38 9.32 3.13 40.76 1.43 -0.51
14.39 26.80 0.37 9.34 3.04 41.32 2.04 0.16
14.41 26.80 0.30 9.56 2.60 34.43 1.87 0.06
14.43 26.85 0.37 9.50 2.61 24.63 2.05 0.20
14.45 26.65 0.37 9.50 2.63 20.08 2.01 0.15
14.48 26.99 0.34 9.59 2.42 15.40 1.82 0.11
14.50 26.99 0.55 9.52 2.45 11.31 2.27 0.02
14.52 26.85 0.35 9.50 2.44 13.36 2.24 -0.07
14.55 26.70 0.44 9.62 2.25 13.66 1.30 -0.27
14.57 26.56 0.36 9.60 2.31 14.98 1.08 0.02
14.59 26.85 0.35 9.59 2.25 14.56 2.08 0.05
14.62 26.99 0.25 9.58 2.17 16.66 2.15 0.11
14.64 26.80 0.31 9.64 2.03 17.63 2.15 0.06
14.66 26.80 0.33 9.60 2.07 21.11 1.53 -0.14
14.69 26.80 0.37 9.68 2.00 26.21 1.02 -0.20
14.71 26.80 0.43 9.81 1.50 21.62 0.55 -0.31
14.73 26.80 0.27 9.78 1.75 14.08 0.76 -0.11
14.76 26.85 0.40 9.75 1.55 11.83 1.48 -0.32
14.78 26.80 0.50 9.83 1.40 11.27 -0.13 -0.34
14.80 26.89 0.42 9.79 1.46 10.05 -2.02 -0.66
14.83 26.80 0.39 9.77 1.55 9.14 -0.04 -0.39
14.85 26.56 0.37 9.83 1.22 6.20 -0.41 -0.65
14.87 26.85 0.27 9.82 1.39 6.89 -0.81 -0.54
14.90 26.99 0.27 9.76 1.49 6.87 1.11 -0.15
14.92 26.80 0.41 9.80 1.31 7.60 1.39 -0.22
14.94 26.80 0.34 9.79 1.28 9.05 1.21 0.00
14.96 26.89 0.38 9.80 1.24 11.59 1.31 -0.08
14.99 27.04 0.29 9.73 1.32 18.24 1.33 -0.19
15.01 26.99 0.34 9.80 1.12 23.53 1.98 0.05
15.03 26.85 0.32 9.83 0.97 29.39 1.98 0.08
15.06 26.80 0.35 9.90 0.74 28.27 1.88 -0.01
15.08 26.85 0.35 9.90 0.61 25.13 2.21 -0.11
15.10 26.85 0.19 10.02 0.35 15.27 1.47 -0.02
15.13 26.99 0.45 9.89 0.46 9.57 1.58 -0.02
15.15 26.80 0.35 9.90 0.45 8.37 1.79 -0.21
15.17 26.89 0.40 9.95 0.40 6.70 1.84 -0.13
15.20 26.65 0.35 9.90 0.43 4.91 2.05 0.03
15.22 26.89 0.35 9.90 0.33 6.62 2.05 0.00
15.24 26.85 0.34 9.92 0.38 10.44 1.99 -0.21
15.26 26.85 0.33 9.88 0.32 10.66 2.10 -0.08
15.29 27.04 0.40 9.92 0.29 13.51 1.85 -0.05
15.31 26.80 0.37 9.95 0.09 14.65 1.90 0.03
15.34 27.09 0.35 9.90 0.06 15.36 1.82 -0.07
15.36 26.99 0.36 9.92 0.00 17.90 1.79 -0.07
15.38 26.99 0.37 9.95 -0.14 19.86 2.04 0.01
15.40 26.89 0.34 9.93 -0.23 19.30 1.99 -0.16
15.43 26.80 0.36 9.99 -0.39 18.56 1.87 -0.05
15.45 26.99 0.37 10.03 -0.52 10.67 1.95 -0.11
15.48 26.80 0.37 10.04 -0.70 -0.69 2.03 -0.24
15.50 27.04 0.40 9.99 -0.63 -7.16 1.92 -0.18
15.52 26.85 0.29 9.95 -0.29 -9.18 1.31 -0.15
15.55 26.80 0.46 9.95 -0.30 -9.09 2.06 -0.15
15.57 26.89 0.36 9.91 -0.31 -7.39 2.52 0.01
15.60 26.99 0.40 9.88 -0.29 -6.89 2.62 0.20
15.62 26.51 0.47 9.92 -0.24 -1.32 3.62 -0.03
15.64 26.80 0.37 9.93 -0.23 2.48 3.31 -0.08
15.67 26.89 0.50 9.84 -0.10 10.58 2.59 0.04
15.69 26.65 0.33 9.94 -0.44 14.27 3.11 -0.24
15.72 26.85 0.31 9.94 -0.52 13.53 2.21 0.06
15.74 26.89 0.32 9.96 -0.62 11.92 1.51 0.23
15.76 26.80 0.20 9.93 -0.57 3.11 1.10 -0.03
15.78 26.85 0.37 9.96 -0.74 1.72 2.01 0.21
15.81 26.99 0.43 10.00 -0.74 -5.07 2.08 -0.05
15.83 26.80 0.37 9.92 -0.63 -6.29 2.08 -0.40
15.86 26.70 0.34 9.91 -0.54 -4.51 2.15 0.09
15.88 27.04 0.34 9.90 -0.47 2.02 2.05 0.00
15.90 26.70 0.36 9.97 -0.73 1.24 1.87 0.06
15.93 27.04 0.33 9.93 -0.63 -0.18 1.11 0.12
15.95 26.89 0.33 9.94 -0.67 -0.18 2.10 -0.07
15.97 26.80 0.39 9.89 -0.66 -1.07 1.90 0.19
16.00 26.89 0.39 9.93 -0.59 2.34 1.85 -0.05
16.02 26.80 0.38 9.91 -0.58 7.31 1.75 -0.18
16.04 26.89 0.36 9.91 -0.66 9.89 2.05 0.39
16.07 26.85 0.41 9.92 -0.68 14.01 1.95 0.03
16.09 26.80 0.36 10.01 -1.10 8.67 1.89 0.18
16.11 26.99 0.37 9.99 -1.17 -1.73 0.96 0.10
16.14 26.80 0.37 9.97 -0.99 -10.35 -0.94 -0.04
16.16 26.85 0.29 9.89 -0.91 -7.24 -1.79 0.18
16.18 26.89 0.36 9.97 -1.03 -14.02 -5.39 0.23
16.21 26.89 0.42 9.93 -0.70 -17.57 -3.66 0.13
16.23 26.70 0.39 9.97 -0.70 -16.60 -0.21 -0.30
16.26 26.89 0.35 9.96 -0.73 -17.22 1.35 -0.34
16.28 26.89 0.35 9.93 -0.61 -21.46 0.97 -0.50
16.31 27.04 0.34 9.93 -0.56 -13.24 2.24 -0.15
16.33 26.80 0.36 10.00 -0.48 -14.98 2.09 0.15
16.36 26.80 0.36 9.88 -0.29 -9.07 1.91 -0.05
16.38 26.70 0.37 9.96 -0.46 -8.31 2.18 0.08
16.40 26.80 0.40 9.94 -0.43 -9.58 1.88 0.05
16.43 26.89 0.37 9.94 -0.34 -9.43 1.99 -0.03
16.45 26.99 0.36 9.96 -0.34 -9.05 2.33 -0.05
16.47 26.99 0.37 9.98 -0.38 -11.56 1.68 -0.08
16.50 26.99 0.34 9.95 -0.33 -13.73 2.32 -0.07
16.52 27.04 0.40 9.95 -0.27 -13.60 2.06 -0.18
16.55 27.18 0.38 9.92 -0.22 -13.76 2.15 0.24
16.57 26.89 0.36 9.96 -0.13 -13.11 2.33 -0.15
16.60 26.85 0.37 9.93 -0.09 -11.20 2.05 -0.15
16.62 26.80 0.39 9.98 -0.12 -14.20 2.10 -0.22
16.65 26.80 0.36 9.91 0.07 -16.36 2.05 0.10
16.67 26.85 0.35 9.91 0.11 -11.52 1.83 -0.18
16.69 26.85 0.37 9.94 -0.01 -10.46 2.34 0.19
16.72 27.04 0.36 9.93 0.10 -15.13 2.21 -0.07
16.74 26.80 0.35 9.82 0.44 -4.95 2.13 -0.06
16.76 26.99 0.38 9.92 0.10 1.96 2.16 -0.03
16.79 26.65 0.36 9.88 0.15 -1.66 1.89 0.05
16.81 26.99 0.35 9.60 0.86 21.44 1.95 0.05
16.83 26.80 0.40 9.79 0.03 54.23 -0.65 0.05
16.86 26.99 0.35 10.08 -0.64 -5.09 1.98 0.21
16.88 26.85 0.33 9.93 -0.01 10.77 2.21 0.24
16.90 26.70 0.36 9.93 -0.20 11.34 1.61 0.05
16.93 26.80 0.32 9.93 -0.51 15.56 1.25 0.24
16.95 26.89 0.36 10.01 -0.51 12.33 0.53 0.35
16.97 26.80 0.39 9.96 -0.54 8.72 1.44 -0.08
17.00 26.80 0.39 10.00 -0.44 6.34 1.05 -0.03
17.02 26.80 0.34 9.97 -0.63 1.51 1.76 -0.11
17.04 26.80 0.43 9.94 -0.51 -2.69 0.69 -0.19
17.07 26.89 0.39 9.94 -0.56 -2.40 1.67 -0.18
17.09 26.80 0.36 9.97 -0.62 -1.82 1.85 -0.21
17.12 26.80 0.38 9.99 -0.59 -2.30 1.95 -0.04
17.14 26.80 0.37 9.98 -0.57 -2.68 2.27 0.05
17.16 26.80 0.37 9.92 -0.47 -2.27 2.37 -0.05
17.19 27.09 0.43 9.95 -0.64 1.34 1.60 0.18
17.21 26.99 0.32 9.89 -0.53 1.04 1.68 -0.02
17.23 26.80 0.33 9.94 -0.67 0.26 2.11 0.24
17.26 26.80 0.40 9.95 -0.68 1.25 1.93 0.02
17.28 26.85 0.35 9.96 -0.65 0.50 2.00 0.31
17.30 26.89 0.40 9.94 -0.69 -0.89 1.96 -0.19
17.33 26.85 0.36 9.93 -0.71 -1.18 2.15 0.25
17.35 26.89 0.37 9.93 -0.71 -2.08 1.97 -0.16
17.37 26.89 0.35 9.95 -0.67 -1.48 2.03 0.02
17.40 26.80 0.36 9.95 -0.80 -1.77 2.18 -0.47
17.42 26.99 0.35 9.94 -0.74 -2.08 2.14 0.05
17.44 27.18 0.35 9.95 -0.76 -3.76 2.11 -0.11
17.47 27.09 0.38 9.94 -0.69 -4.36 2.17 -0.34
17.49 26.99 0.38 9.95 -0.72 -3.40 2.21 -0.15
17.52 27.04 0.35 9.98 -0.66 -2.46 2.03 -0.31
17.54 27.18 0.37 9.95 -0.64 -2.50 2.10 0.12
17.56 26.80 0.36 9.91 -0.65 -0.30 1.98 -0.08
17.59 26.85 0.36 10.00 -0.70 0.52 2.27 -0.14
17.61 26.85 0.40 9.94 -0.74 -0.88 2.07 -0.17
17.64 26.89 0.37 9.92 -0.68 -1.39 2.10 -0.47
17.66 26.89 0.34 9.95 -0.68 -2.72 2.11 0.08
17.68 26.85 0.36 9.98 -0.78 -3.84 2.02 0.14
17.71 27.18 0.38 9.96 -0.68 -3.75 2.21 0.22
17.73 27.04 0.38 9.96 -0.76 -2.10 2.24 -0.18
17.75 26.89 0.38 9.94 -0.76 -3.58 2.11 0.21
17.78 26.65 0.35 9.96 -0.72 -3.70 2.02 0.04
17.80 26.70 0.40 9.98 -0.81 -5.34 2.09 0.02
17.82 26.80 0.32 9.93 -0.68 -6.05 1.86 -0.14
17.85 27.04 0.38 9.92 -0.69 -3.71 1.97 -0.11
17.87 27.04 0.38 9.94 -0.73 -2.61 1.98 -0.08
17.90 26.80 0.38 9.96 -0.76 -3.93 2.24 -0.15
17.92 26.99 0.36 9.92 -0.67 -3.29 1.92 0.07
17.94 26.99 0.38 9.96 -0.71 0.75 1.95 -0.18
17.97 26.99 0.32 9.94 -0.77 -1.48 2.06 -0.15
17.99 27.04 0.36 9.92 -0.69 1.23 2.00 0.02
18.01 26.89 0.38 9.97 -0.80 -0.02 2.02 -0.30
18.04 26.85 0.34 9.98 -0.78 -1.08 2.14 0.05
18.06 27.04 0.33 9.94 -0.80 -5.79 2.05 -0.18
18.08 26.89 0.37 9.92 -0.70 -5.77 2.15 0.03
18.11 26.80 0.37 9.94 -0.72 -3.56 2.37 -0.16
18.13 26.99 0.36 9.91 -0.71 -2.76 2.20 -0.05
18.15 27.04 0.36 9.95 -0.76 -2.76 2.29 -0.27
18.18 26.65 0.38 9.98 -0.75 -3.31 2.13 -0.14
18.20 26.80 0.37 9.95 -0.74 -4.30 2.08 0.12
18.23 26.89 0.36 9.95 -0.78 -5.20 2.32 -0.15
18.25 26.89 0.40 9.94 -0.73 -5.76 2.00 0.05
18.27 26.89 0.36 9.94 -0.61 -4.73 2.18 -0.24
18.30 26.99 0.33 9.97 -0.70 -2.23 2.11 0.04
18.32 26.80 0.37 9.92 -0.62 -1.27 2.03 0.11
18.34 26.89 0.36 9.95 -0.75 -1.05 2.12 0.05
18.37 26.56 0.39 9.94 -0.69 -1.69 2.04 -0.11
18.39 26.80 0.38 9.94 -0.79 -1.50 2.29 -0.10
18.42 26.70 0.36 9.99 -0.72 -1.99 2.01 -0.10
18.44 26.99 0.40 9.96 -0.76 -4.08 2.05 0.10
18.46 26.80 0.34 9.94 -0.84 -8.39 1.98 -0.02
18.49 27.04 0.37 9.96 -0.68 -9.80 2.11 -0.11
18.51 26.85 0.37 9.94 -0.73 -10.14 2.04 -0.37
18.54 26.85 0.36 9.95 -0.59 -11.82 1.95 -0.17
18.56 26.80 0.34 9.96 -0.62 -12.95 2.09 -0.21
18.58 26.56 0.34 9.93 -0.48 -3.03 3.28 -0.06
18.61 26.65 0.36 9.97 -0.59 -6.51 2.24 0.14
18.63 26.89 0.38 9.89 -0.41 -4.13 2.39 0.10
18.65 26.80 0.35 9.94 -0.49 -0.62 2.44 -0.06
18.68 26.89 0.39 9.89 -0.49 4.37 3.90 -0.13
18.70 26.99 0.39 9.87 -0.51 -2.03 2.25 0.08
18.72 26.85 0.31 9.94 -0.68 -1.46 2.31 0.13
18.75 26.89 0.38 9.94 -0.63 -2.73 2.26 -0.02
18.77 26.99 0.37 9.98 -0.64 -1.76 2.81 0.23
18.80 26.89 0.37 10.02 -0.72 -7.19 2.27 -0.24
18.82 26.89 0.42 9.84 -0.30 -2.65 4.95 -0.14
18.84 26.89 0.37 9.95 -0.63 -5.87 2.63 0.08
18.87 26.80 0.39 9.96 -0.62 -8.21 2.01 0.06
18.89 26.85 0.35 9.99 -0.57 -10.91 2.02 0.06
18.92 26.70 0.39 9.91 -0.40 -8.77 2.14 0.04
18.94 26.80 0.37 9.87 -0.32 -0.89 2.09 0.02
18.96 26.85 0.38 9.97 -0.53 1.95 2.05 0.14
18.98 26.56 0.35 9.99 -0.60 -1.86 1.87 -0.02
19.01 26.70 0.34 10.01 -0.66 -6.69 1.95 -0.05
19.03 26.85 0.36 10.01 -0.66 -24.82 -2.50 -0.02
19.06 26.85 0.36 9.85 -0.11 -17.27 -0.02 -0.13
19.08 26.99 0.43 9.99 -0.39 -12.83 1.44 -0.02
19.11 26.80 0.38 9.96 -0.26 -12.26 1.31 -0.24
19.13 27.04 0.37 9.99 -0.38 -17.18 1.60 0.02
19.16 26.85 0.37 9.98 -0.20 -19.27 2.16 -0.48
19.18 26.89 0.34 9.89 0.07 -15.18 2.08 -0.16
19.21 26.89 0.52 9.91 0.01 -12.02 1.75 -0.02
19.23 26.65 0.33 9.94 -0.05 -10.06 2.07 -0.10
19.25 26.80 0.33 9.94 0.04 -9.69 2.26 0.05
19.28 26.99 0.33 9.92 0.15 -6.33 2.05 0.02
19.30 26.85 0.37 9.96 -0.01 -7.08 1.95 -0.02
19.32 26.56 0.31 9.98 -0.02 -10.66 1.89 -0.04
19.35 26.99 0.35 9.89 0.14 -9.97 1.95 -0.08
19.37 26.99 0.35 9.92 0.09 -8.12 2.23 -0.17
19.39 26.89 0.34 10.00 0.02 -14.83 1.99 -0.12
19.42 26.89 0.37 9.93 0.25 -18.34 1.99 0.00
19.44 26.99 0.34 9.94 0.22 -18.95 2.17 0.27
19.47 26.85 0.38 9.96 0.21 -21.07 1.85 -0.03
19.49 26.70 0.36 9.92 0.41 -22.46 1.97 -0.25
19.51 27.04 0.35 9.87 0.62 -23.00 2.07 -0.06
19.54 26.89 0.40 9.96 0.47 -24.57 2.02 -0.21
19.56 26.85 0.35 9.87 0.72 -26.53 2.00 -0.31
19.59 26.99 0.47 9.92 0.64 -28.06 0.76 -0.36
19.61 26.80 0.32 9.86 0.82 -30.45 -1.25 -0.60
19.63 26.65 0.31 9.83 0.93 -29.79 0.14 -0.48
19.66 26.85 0.37 9.80 1.07 -30.98 1.32 -0.09
19.68 26.99 0.33 9.79 1.19 -28.53 2.13 -0.23
19.70 26.80 0.35 9.76 1.39 -29.47 2.07 -0.14
19.73 26.89 0.33 9.78 1.42 -26.56 2.19 0.16
19.75 26.65 0.35 9.79 1.51 -25.56 1.91 0.14
19.78 26.85 0.36 9.76 1.65 -24.95 2.06 0.31
19.80 26.89 0.35 9.59 1.99 -13.56 5.93 0.76
19.82 26.80 0.36 9.76 1.63 -13.68 5.79 0.76
19.85 26.85 0.34 9.75 1.64 -18.91 4.96 0.53
19.87 26.80 0.39 9.67 1.89 -18.76 7.40 1.12
19.89 26.80 0.34 9.72 1.88 -17.99 8.15 1.40
19.92 26.89 0.37 9.63 2.03 -15.83 9.22 1.44
19.94 26.85 0.37 9.70 1.93 -20.23 9.51 1.82
19.96 26.99 0.32 9.69 1.88 -25.68 7.69 1.44
19.99 26.80 0.35 9.71 1.90 -34.31 2.70 0.02
20.01 26.85 0.33 9.56 2.36 -35.82 2.08 0.10
20.03 26.70 0.37 9.49 2.45 -31.60 1.99 -0.15
20.06 26.89 0.66 9.45 2.59 -29.36 2.51 0.03
20.08 26.85 0.32 9.51 2.63 -29.51 1.93 -0.18
20.10 26.80 0.38 9.48 2.73 -30.79 1.39 -0.36
20.13 26.85 0.27 9.42 2.75 -34.98 1.82 -0.37
20.15 26.99 0.28 9.36 2.94 -36.88 1.91 0.06
20.18 26.85 0.35 9.29 3.14 -39.24 1.92 -0.12
20.20 26.99 0.43 9.18 3.38 -36.51 2.05 -0.08
20.22 26.85 0.37 9.17 3.42 -29.76 1.82 -0.16
20.25 26.70 0.41 9.13 3.48 -27.08 0.98 -0.59
20.27 26.85 0.26 9.13 3.64 -24.53 1.38 -0.30
20.30 26.89 0.26 9.09 3.64 -22.05 1.89 -0.03
20.32 26.89 0.37 9.10 3.65 -25.19 1.90 0.15
20.34 26.80 0.34 8.96 3.94 -19.43 2.04 0.09
20.37 26.89 0.32 9.01 3.83 -16.67 1.92 -0.09
20.39 26.99 0.38 8.94 3.88 -16.83 2.05 -0.23
20.41 26.99 0.30 9.01 3.75 -19.30 2.32 -0.12
20.44 26.89 0.35 8.95 4.00 -24.50 2.26 0.01
20.46 26.99 0.31 8.86 4.10 -24.92 2.43 -0.06
20.49 27.09 0.34 8.59 4.63 -32.95 4.57 1.12
20.51 26.80 0.38 8.64 4.53 -33.36 9.15 3.76
20.53 26.80 0.36 8.64 4.47 -37.39 10.27 4.64
20.56 26.89 0.37 8.74 4.33 -37.79 9.89 4.19
20.58 26.89 0.35 8.67 4.53 -36.26 7.67 3.15
20.60 26.80 0.44 8.55 4.65 -35.83 5.17 1.54
20.63 26.99 0.17 8.74 4.35 -49.69 -1.60 -2.50
20.65 26.80 0.44 8.38 5.01 -49.47 -3.18 -3.40
20.67 26.80 0.35 8.08 5.41 -46.34 -0.01 -1.63
20.70 26.99 0.39 8.11 5.34 -41.18 2.02 0.30
20.72 26.89 0.37 8.01 5.56 -39.85 2.08 -0.23
20.75 26.65 0.33 8.06 5.37 -46.26 2.05 -0.09
20.77 26.99 0.34 7.87 5.61 -57.39 1.99 -0.08
20.79 27.04 0.37 7.57 6.06 -60.04 1.93 -0.18
20.82 26.89 0.34 7.55 6.11 -62.92 2.02 -0.02
20.84 26.80 0.34 7.26 6.43 -64.10 2.16 -0.45
20.87 26.80 0.48 7.11 6.65 -52.90 1.30 -0.34
20.89 26.99 0.27 6.97 6.79 -47.70 1.47 -0.51
20.92 26.56 0.36 6.79 6.92 -44.70 1.66 -0.32
20.94 26.80 0.38 6.83 6.76 -48.21 2.05 -0.33
20.96 26.85 0.27 6.58 7.19 -43.97 1.89 -0.36
20.99 26.89 0.32 6.66 6.80 -51.47 2.07 -0.23
21.01 26.80 0.34 6.49 6.90 -70.05 2.18 -0.15
21.03 26.89 0.29 6.00 7.59 -75.15 2.07 -0.08
21.06 26.65 0.30 5.76 7.85 -69.87 2.02 0.01
21.08 26.80 0.36 5.40 8.30 -54.79 2.08 -0.15
21.10 26.99 0.37 5.42 7.96 -43.90 2.11 0.00
21.13 26.99 0.27 5.49 7.73 -53.24 2.34 0.24
21.15 27.04 0.23 5.35 7.95 -62.60 2.54 0.63
21.18 26.80 0.31 4.90 8.43 -63.58 2.20 0.18
21.20 26.65 0.34 4.54 8.59 -57.20 2.69 1.06
21.22 26.80 0.35 4.42 8.85 -45.73 2.38 1.29
21.25 26.80 0.33 4.41 8.72 -29.79 2.05 0.33
21.27 26.80 0.33 4.46 8.28 -30.35 1.95 0.20
21.29 27.04 0.30 4.23 8.69 -34.95 1.79 0.11
21.32 26.85 0.30 4.09 8.73 -34.63 1.77 0.08
21.34 26.80 0.34 4.01 8.74 -38.05 2.39 0.05
21.36 26.80 0.35 3.78 8.92 -32.01 2.42 0.56
21.39 26.89 0.30 3.77 8.80 -29.05 2.23 0.00
21.41 26.99 0.36 3.75 8.73 -33.47 2.11 -0.01
21.43 26.70 0.31 3.62 8.85 -42.17 2.16 0.05
21.46 26.99 0.31 3.42 8.91 -50.21 2.16 -0.08
21.48 26.89 0.28 3.08 9.10 -55.31 1.99 -0.32
21.50 26.89 0.30 2.95 9.23 -47.98 2.11 -0.11
21.53 26.99 0.31 2.83 9.13 -47.47 2.09 -0.04
21.55 26.89 0.31 2.54 9.36 -44.56 2.02 -0.49
21.58 26.80 0.30 2.47 9.31 -41.79 2.53 -0.27
21.60 26.80 0.29 2.31 9.41 -43.27 2.11 0.02
21.62 26.80 0.36 2.17 9.31 -41.60 2.14 -0.02
21.65 26.89 0.32 1.96 9.42 -48.34 2.17 -0.43
21.67 26.89 0.31 1.61 9.84 -26.64 2.29 -0.04
21.70 26.99 0.31 1.75 9.43 -23.86 2.10 -0.02
21.72 26.80 0.31 1.57 9.72 -17.45 2.15 0.02
21.74 26.85 0.32 1.60 9.42 -14.66 1.97 0.15
21.77 26.89 0.29 1.61 9.34 -18.13 2.13 0.13
21.79 26.99 0.31 1.53 9.38 -25.18 2.26 -0.17
21.81 27.09 0.28 1.45 9.37 -38.60 2.24 0.01
21.84 26.99 0.32 1.44 9.16 -53.18 2.26 0.08
21.86 27.09 0.32 1.13 9.27 -67.91 2.55 -0.21
21.88 26.85 0.28 0.78 9.74 -7.07 2.25 -0.08
21.91 27.04 0.34 0.81 9.57 -8.42 2.03 0.01
21.93 26.89 0.28 0.78 9.61 -4.37 2.09 0.05
21.95 26.99 0.30 0.82 9.54 -4.44 1.97 -0.32
21.98 26.80 0.29 0.80 9.60 -6.04 1.87 0.12
22.00 26.85 0.30 0.84 9.50 -9.05 2.34 0.24
22.02 26.65 0.32 0.80 9.53 -12.40 2.03 0.16
22.05 27.04 0.29 0.79 9.34 -17.79 2.27 -0.24
22.07 26.89 0.29 0.72 9.51 -23.95 2.00 0.16
22.09 26.65 0.31 0.26 10.03 -17.60 2.38 -0.01
22.12 26.65 0.32 0.44 9.71 -8.66 2.16 -0.05
22.14 26.89 0.29 0.46 9.59 -5.37 2.34 -0.15
22.17 26.89 0.34 0.46 9.63 -4.07 2.21 -0.14
22.19 27.04 0.29 0.52 9.53 -4.53 2.04 -0.02
22.21 26.99 0.33 0.49 9.53 -4.63 1.92 -0.26
22.23 26.80 0.27 0.41 9.60 -4.95 2.31 0.08
22.26 26.85 0.30 0.45 9.63 -4.47 1.95 -0.08
22.28 26.89 0.29 0.45 9.64 -3.73 2.14 0.09
22.30 26.89 0.30 0.47 9.57 -3.83 2.10 0.20
22.33 26.70 0.31 0.45 9.61 -4.30 2.04 -0.01
22.35 26.85 0.30 0.46 9.57 -4.11 2.10 0.08
22.37 26.89 0.30 0.43 9.57 -3.95 2.02 0.00
22.40 27.18 0.31 0.42 9.59 -3.38 1.85 -0.08
22.42 26.80 0.29 0.42 9.59 -2.98 2.15 0.06
22.44 26.89 0.32 0.46 9.55 -3.66 2.04 0.19
22.46 26.89 0.29 0.45 9.61 -2.84 1.92 -0.08
22.49 26.85 0.33 0.39 9.64 -1.89 2.17 -0.25
22.51 26.89 0.31 0.46 9.65 -1.63 2.30 0.04
22.53 26.89 0.26 0.47 9.52 -2.53 2.07 -0.03
22.56 26.65 0.31 0.45 9.61 -2.63 1.98 -0.14
22.58 27.04 0.28 0.42 9.59 -2.26 2.14 -0.10
22.60 26.80 0.28 0.45 9.58 -1.08 2.26 0.19
22.63 26.85 0.29 0.47 9.59 -1.85 2.11 -0.11
22.65 26.85 0.33 0.48 9.64 -1.68 1.88 0.18
22.67 26.80 0.30 0.43 9.63 -1.09 2.15 0.11
22.70 26.56 0.35 0.64 9.30 -5.24 2.15 0.12
22.72 26.99 0.31 0.43 9.57 -3.73 1.97 -0.13
22.74 26.99 0.27 0.49 9.64 -3.45 1.76 0.11
22.77 26.85 0.33 0.43 9.62 -3.85 1.78 0.13
22.79 26.85 0.32 0.48 9.62 -3.38 2.21 0.02
22.81 26.89 0.31 0.47 9.66 -3.78 1.78 0.11
22.83 26.85 0.30 0.46 9.57 -3.87 1.84 0.00
22.86 26.89 0.31 0.45 9.62 -3.70 1.88 0.11
22.88 26.85 0.33 0.45 9.57 -3.32 2.32 0.04
22.90 26.99 0.28 0.47 9.52 -4.19 1.96 0.05
22.93 26.99 0.28 0.46 9.64 -3.29 2.03 -0.08
22.95 26.80 0.27 0.44 9.57 -2.71 2.15 -0.02
22.97 26.80 0.29 0.41 9.58 -2.96 1.93 0.08
23.00 26.89 0.33 0.45 9.57 -2.89 1.92 -0.10
23.02 26.80 0.29 0.42 9.55 -2.77 2.03 0.22
23.04 27.18 0.31 0.47 9.53 -2.45 1.97 -0.08
23.07 26.89 0.28 0.48 9.59 -2.61 2.07 0.15
23.09 26.99 0.32 0.46 9.61 -3.04 1.82 0.17
23.11 26.89 0.29 0.43 9.56 -2.82 2.00 0.00
23.13 26.99 0.31 0.47 9.61 -2.91 2.01 0.09
23.16 26.80 0.32 0.49 9.57 -3.04 1.85 -0.21
23.18 27.09 0.29 0.47 9.60 -2.85 1.95 -0.08
23.20 26.70 0.33 0.45 9.63 -2.82 2.15 -0.18
23.23 26.85 0.32 0.47 9.60 -2.80 1.89 0.05
23.25 26.99 0.31 0.45 9.61 -3.06 2.02 0.01
23.27 26.89 0.28 0.44 9.62 -2.67 2.11 0.13
23.30 27.18 0.27 0.44 9.62 -2.51 2.08 0.26
23.32 26.80 0.31 0.44 9.58 -2.74 2.26 0.31
23.34 26.99 0.29 0.44 9.55 -2.56 1.89 -0.02
23.36 27.04 0.33 0.44 9.67 -2.90 1.91 -0.24
23.39 26.80 0.30 0.46 9.58 -2.78 2.06 0.07
23.41 26.65 0.30 0.44 9.61 -2.73 2.20 0.05
23.43 26.99 0.31 0.48 9.57 -2.72 1.95 -0.14
23.46 26.80 0.34 0.45 9.56 -3.11 2.05 0.27
23.48 26.70 0.31 0.47 9.61 -2.87 2.15 -0.05
23.50 26.65 0.31 0.45 9.55 -2.63 1.90 -0.15
23.53 26.80 0.25 0.45 9.59 -2.96 2.12 0.08
23.55 26.99 0.30 0.42 9.53 -3.15 2.03 -0.06
23.57 26.85 0.28 0.45 9.59 -2.79 2.24 -0.08
23.60 26.89 0.32 0.51 9.59 -2.61 2.24 0.18
23.62 26.99 0.30 0.46 9.55 -2.85 2.31 -0.21
23.64 26.56 0.26 0.47 9.64 -2.73 1.92 -0.31
23.67 26.80 0.32 0.44 9.58 -2.59 2.10 -0.17
23.69 26.89 0.34 0.46 9.64 -2.84 1.84 -0.04
23.71 26.85 0.30 0.46 9.56 -3.02 2.13 -0.20
23.74 26.85 0.34 0.45 9.62 -2.86 2.17 -0.15
23.76 26.85 0.34 0.47 9.54 -2.89 2.03 0.24
23.78 26.89 0.32 0.44 9.58 -3.05 1.93 0.06
23.81 26.80 0.30 0.46 9.57 -2.76 2.03 0.03
23.83 26.85 0.28 0.43 9.61 -3.13 1.88 -0.15
23.85 26.89 0.30 0.43 9.63 -2.83 2.08 0.27
23.87 26.65 0.32 0.48 9.56 -2.76 1.78 -0.02
23.90 26.80 0.33 0.49 9.59 -3.16 1.79 -0.14
23.92 26.89 0.29 0.43 9.58 -3.65 2.10 0.22
23.94 26.89 0.31 0.46 9.58 -3.03 2.10 -0.15
23.97 27.04 0.30 0.44 9.61 -2.65 1.88 0.01
23.99 26.80 0.29 0.47 9.54 -2.44 2.07 0.07
24.01 26.56 0.33 0.64 9.42 -9.71 2.17 0.04
24.04 26.89 0.24 0.14 9.88 -1.33 2.08 -0.08
24.06 26.99 0.29 0.47 9.54 -1.05 1.92 0.06
24.08 27.18 0.31 0.34 9.73 -1.85 2.02 0.08
24.11 27.04 0.31 0.34 9.75 -0.73 2.06 0.06
24.13 26.85 0.32 0.57 9.42 -4.51 1.89 0.04
24.15 26.85 0.29 0.46 9.54 -1.40 2.16 0.15
24.17 26.99 0.30 0.44 9.63 0.48 2.04 0.21
24.20 26.85 0.30 0.45 9.58 0.03 2.15 -0.08
24.22 26.80 0.28 0.48 9.61 -0.18 1.97 -0.08
24.24 26.89 0.33 0.54 9.58 0.62 1.92 0.13
24.27 26.89 0.30 0.53 9.53 0.47 1.98 -0.02
24.29 26.89 0.31 0.53 9.63 0.27 1.92 0.05
24.31 26.99 0.32 0.56 9.60 0.82 2.02 -0.18
24.33 27.04 0.31 0.55 9.60 0.38 2.14 0.10
24.36 26.80 0.29 0.56 9.58 -0.17 2.03 -0.04
24.38 26.85 0.29 0.55 9.72 0.63 2.01 0.02
24.40 26.89 0.33 0.43 9.90 12.36 2.20 0.17
24.42 26.80 0.33 0.60 9.74 19.89 1.68 0.00
24.45 26.85 0.30 0.74 9.65 23.23 1.94 0.08
24.47 26.99 0.28 0.78 9.78 27.43 1.75 -0.18
24.50 26.89 0.33 1.14 9.39 27.59 1.69 0.11
24.52 26.99 0.32 1.20 9.44 21.69 2.16 0.18
24.54 26.85 0.30 1.18 9.64 25.07 2.05 0.18
24.56 26.99 0.34 1.39 9.41 28.69 1.67 0.30
24.59 26.80 0.30 1.54 9.25 19.89 1.97 0.14
24.61 26.80 0.32 1.58 9.35 15.37 2.13 0.21
24.63 26.70 0.30 1.64 9.35 9.73 1.96 0.21
24.65 26.99 0.31 1.56 9.56 13.24 1.87 0.04
24.68 26.80 0.34 1.65 9.58 19.43 1.86 0.08
24.70 26.89 0.30 1.81 9.48 27.86 1.76 0.11
24.72 26.89 0.30 1.87 9.55 31.13 1.99 -0.12
24.75 26.85 0.28 1.95 9.61 42.03 1.80 0.10
24.77 26.89 0.33 2.14 9.52 56.32 2.11 0.32
24.79 26.85 0.32 2.55 9.18 57.85 1.47 0.08
24.81 26.89 0.31 2.78 9.10 52.12 1.73 0.28
24.84 26.99 0.28 2.91 9.20 49.31 1.87 0.23
24.86 26.89 0.29 3.28 8.81 42.38 1.91 0.39
24.88 26.80 0.35 3.51 8.64 24.02 1.85 0.10
24.91 26.85 0.36 3.49 8.78 10.94 1.73 -0.03
24.93 26.80 0.32 3.34 9.07 5.24 1.98 -0.08
24.95 26.65 0.35 3.21 9.40 19.70 2.07 0.50
24.97 26.99 0.26 3.33 9.17 38.70 1.74 -0.01
25.00 26.99 0.34 3.66 9.00 42.05 1.76 -0.22
25.02 26.80 0.33 3.77 8.97 51.04 1.63 0.31
25.04 26.80 0.30 4.17 8.60 48.25 3.24 -0.03
25.07 26.80 0.31 4.39 8.32 27.23 3.18 1.40
25.09 26.85 0.29 4.34 8.53 22.84 2.63 1.34
25.11 27.18 0.34 4.68 8.30 17.81 2.25 0.83
25.14 27.09 0.33 4.52 8.56 15.82 1.92 -0.28
25.16 26.80 0.31 4.58 8.59 19.09 1.76 -0.69
25.18 26.85 0.30 4.68 8.44 18.96 1.49 -0.95
25.21 26.89 0.31 4.75 8.38 13.95 1.34 -0.66
25.23 27.04 0.29 4.79 8.49 24.13 1.21 -1.08
25.25 26.89 0.29 4.93 8.31 30.06 0.49 -2.47
25.28 26.85 0.32 5.05 8.17 28.39 -0.15 -3.64
25.30 26.80 0.32 5.05 8.27 28.53 0.07 -3.31
25.32 26.89 0.35 5.21 8.17 30.63 0.72 -1.72
25.35 26.89 0.33 5.33 8.06 33.47 1.93 -0.90
25.37 26.99 0.35 5.44 8.06 35.69 1.95 -0.11
25.39 26.85 0.24 5.52 8.10 42.72 2.12 0.11
25.42 26.80 0.34 5.79 7.74 43.85 2.64 0.51
25.44 27.04 0.41 5.95 7.64 44.19 2.36 0.40
25.46 26.65 0.35 6.08 7.48 42.05 2.27 0.15
25.49 26.99 0.32 6.22 7.40 42.82 2.09 0.40
25.51 26.85 0.31 6.38 7.25 41.52 1.94 0.31
25.53 26.89 0.38 6.46 7.21 41.27 2.04 0.00
25.55 26.85 0.42 6.58 6.99 41.61 1.99 -0.08
25.58 26.89 0.31 6.79 6.91 37.97 2.03 0.11
25.60 26.99 0.35 6.84 6.80 35.43 1.96 0.06
25.62 27.04 0.34 6.96 6.69 36.73 1.90 0.15
25.65 26.99 0.34 7.03 6.66 39.37 2.05 0.09
25.67 26.89 0.39 7.18 6.42 41.17 1.63 0.19
25.69 26.65 0.32 7.19 6.48 49.00 1.88 0.08
25.71 27.04 0.34 7.43 6.30 57.47 1.70 -0.15
25.74 27.04 0.33 7.54 6.08 63.47 1.92 0.03
25.76 26.89 0.36 7.76 5.87 66.97 2.15 0.08
25.78 26.65 0.33 7.98 5.45 68.20 1.98 0.02
25.81 26.85 0.20 8.04 5.40 70.63 2.10 0.20
25.83 26.89 0.34 8.41 4.86 66.78 2.09 0.20
25.85 27.04 0.30 8.48 4.68 54.55 2.35 0.34
25.88 27.09 0.30 8.74 4.38 45.81 3.76 1.14
25.90 26.80 0.26 8.68 4.38 32.29 3.68 1.02
25.92 26.99 0.40 8.76 4.26 26.37 4.44 1.41
25.94 26.80 0.41 8.81 4.27 23.40 4.39 1.02
25.97 26.80 0.39 8.86 4.11 18.88 2.96 0.53
25.99 27.04 0.38 8.88 4.07 16.89 2.22 -0.13
26.01 26.70 0.34 8.95 3.95 12.45 2.14 -0.10
26.04 26.99 0.37 8.94 3.97 11.02 1.96 0.05
26.06 26.89 0.34 8.86 4.16 11.69 2.24 -0.08
26.08 26.65 0.35 8.86 4.09 19.02 1.96 0.05
26.11 26.89 0.28 8.96 3.88 22.55 1.64 0.05
26.13 26.99 0.37 9.03 3.69 22.76 1.40 -0.34
26.15 26.56 0.39 9.16 3.48 16.26 1.67 -0.24
26.18 26.89 0.32 9.13 3.60 13.53 1.50 -0.07
26.20 26.85 0.33 9.12 3.54 14.23 1.78 -0.08
26.22 26.80 0.37 9.15 3.44 14.47 1.79 -0.18
26.25 26.89 0.40 9.26 3.34 12.11 1.66 -0.24
26.27 26.85 0.28 9.23 3.22 8.00 1.89 -0.37
26.29 26.80 0.29 9.26 3.25 4.08 1.52 -0.23
26.32 26.80 0.32 9.27 3.19 3.61 1.71 -0.01
26.34 26.85 0.33 9.24 3.32 4.50 1.70 -0.01
26.36 26.85 0.40 9.13 3.41 10.40 1.53 -0.21
26.38 26.89 0.36 9.27 3.21 17.89 1.41 -0.29
26.41 26.89 0.33 9.36 2.96 15.82 0.98 -0.24
26.43 26.80 0.34 9.35 2.91 11.54 1.47 -0.02
26.46 26.80 0.34 9.38 2.91 13.17 2.16 -0.20
26.48 26.65 0.36 9.38 2.87 10.66 2.04 -0.18
26.50 26.85 0.32 9.41 2.89 10.83 2.01 -0.17
26.52 27.04 0.34 9.36 2.93 15.82 1.81 -0.22
26.55 27.18 0.37 9.41 2.83 20.10 1.91 -0.08
26.57 26.89 0.37 9.52 2.55 20.79 1.45 -0.23
26.60 27.18 0.32 9.46 2.68 21.43 1.62 0.02
26.62 26.85 0.37 9.55 2.41 24.77 2.14 0.03
26.64 26.56 0.36 9.55 2.30 25.44 1.96 0.11
26.66 26.85 0.35 9.62 2.19 22.54 2.05 0.18
26.69 26.99 0.29 9.63 2.08 21.09 2.08 0.05
26.71 26.89 0.36 9.68 1.99 18.76 1.67 -0.12
26.73 26.85 0.35 9.72 1.82 12.93 1.73 -0.19
26.76 27.04 0.41 9.73 1.80 7.61 1.73 -0.15
26.78 27.04 0.33 9.72 1.83 6.47 1.85 -0.11
26.80 26.51 0.36 9.65 1.87 8.11 1.07 -0.40
26.82 26.89 0.38 9.68 1.78 11.44 1.24 -0.18
26.85 27.18 0.43 9.71 1.64 12.86 0.47 -0.18
26.87 26.85 0.31 9.81 1.47 12.24 -0.66 -0.40
26.90 26.85 0.33 9.73 1.69 6.03 0.45 -0.37
26.92 26.85 0.32 9.83 1.52 3.19 1.69 -0.31
26.94 26.85 0.37 9.72 1.48 -0.98 1.97 -0.11
26.97 26.80 0.35 9.67 1.72 2.00 1.88 -0.09
26.99 26.85 0.31 9.79 1.45 10.22 1.81 0.02
27.01 27.04 0.35 9.74 1.32 13.57 -0.40 -0.22
27.03 26.80 0.37 9.80 1.41 13.02 -1.53 -0.54
27.06 26.89 0.37 9.83 1.44 7.92 1.18 -0.39
27.08 26.89 0.37 9.86 1.27 3.45 1.53 -0.37
27.10 26.80 0.35 9.84 1.23 3.07 2.02 -0.08
27.13 27.09 0.37 9.82 1.29 2.65 1.94 -0.18
27.15 26.85 0.33 9.83 1.14 2.43 2.14 0.12
27.17 26.56 0.34 9.76 1.23 1.53 2.15 0.00
27.19 27.04 0.38 9.85 1.15 2.22 2.05 -0.06
27.22 26.56 0.35 9.80 1.17 2.62 2.18 0.01
27.24 26.70 0.32 9.80 1.18 4.11 1.82 0.08
27.26 26.85 0.37 9.82 1.09 5.60 1.98 0.11
27.28 26.80 0.38 9.87 0.97 1.42 1.82 -0.22
27.31 26.89 0.38 9.82 1.05 2.44 2.32 -0.08
27.33 26.85 0.35 9.83 1.04 2.96 2.08 -0.08
27.35 26.80 0.34 9.82 1.05 4.84 1.89 -0.06
27.38 26.85 0.34 9.83 0.98 7.39 2.15 0.04
27.40 26.85 0.35 9.84 0.89 8.73 2.04 -0.13
27.42 26.89 0.37 9.87 0.85 4.96 2.06 -0.02
27.44 26.85 0.33 9.82 0.87 6.05 2.31 -0.01
27.47 26.85 0.39 9.83 0.94 9.47 2.25 0.03
27.49 26.89 0.34 9.86 0.80 10.53 2.12 -0.12
27.51 26.85 0.37 9.92 0.63 5.95 2.05 0.04
27.54 26.89 0.36 9.87 0.71 6.06 1.98 0.17
27.56 26.85 0.38 9.93 0.61 5.53 1.76 -0.05
27.58 26.89 0.35 9.88 0.58 6.87 2.01 -0.01
27.60 26.99 0.35 9.92 0.51 7.79 2.12 0.07
27.63 26.80 0.36 9.94 0.45 3.67 2.00 0.08
27.65 26.89 0.36 9.92 0.49 1.18 1.97 0.21
27.67 27.04 0.36 9.87 0.52 -1.35 1.98 -0.11
27.69 26.80 0.34 9.85 0.55 2.82 2.19 -0.15
27.72 26.80 0.34 9.86 0.51 4.94 2.12 -0.04
27.74 26.80 0.36 9.98 0.39 3.02 2.15 -0.29
27.76 26.80 0.54 9.83 0.40 5.05 1.31 0.12
27.79 26.70 0.30 9.87 0.41 8.96 1.91 -0.13
27.81 27.04 0.35 9.94 0.28 6.98 1.89 -0.04
27.83 26.99 0.33 9.92 0.28 6.27 2.15 -0.05
27.85 26.99 0.40 9.89 0.25 5.56 1.98 0.15
27.88 27.09 0.35 9.84 0.37 7.33 1.96 0.10
27.90 26.85 0.34 10.01 0.08 8.86 2.03 0.06
27.92 26.80 0.35 9.92 0.15 8.42 1.85 -0.16
27.94 26.80 0.38 9.93 0.05 9.05 2.05 -0.03
27.97 26.89 0.36 9.91 0.05 10.65 2.14 -0.06
27.99 26.70 0.37 9.93 0.00 9.34 2.08 -0.10
28.01 26.80 0.37 9.96 -0.13 9.50 2.31 0.01
28.04 26.80 0.40 9.93 -0.10 8.66 1.98 -0.21
28.06 26.80 0.35 9.96 -0.22 6.80 2.21 -0.16
28.08 26.89 0.34 10.00 -0.36 0.92 1.89 -0.23
28.11 26.80 0.34 9.95 -0.20 -1.66 1.98 0.32
28.13 26.89 0.33 9.94 -0.26 -1.85 2.19 -0.20
28.15 26.89 0.32 9.98 -0.28 -3.00 2.06 0.26
28.18 26.99 0.38 9.92 -0.16 -2.76 2.01 -0.18
28.20 26.99 0.36 9.89 -0.11 2.15 1.85 -0.05
28.22 27.04 0.40 9.91 -0.30 2.69 2.20 -0.01
28.25 26.80 0.37 9.92 -0.29 4.59 2.25 -0.16
28.27 26.80 0.36 9.84 -0.09 10.44 2.04 0.18
28.30 26.70 0.34 9.94 -0.39 15.42 1.82 0.33
28.32 26.80 0.48 9.95 -0.61 13.65 2.25 0.09
28.34 26.99 0.33 9.97 -0.55 9.96 1.63 -0.15
28.36 26.85 0.36 9.97 -0.65 5.41 2.26 0.08
28.39 26.99 0.35 9.95 -0.58 1.57 2.09 0.06
28.41 26.89 0.36 10.03 -0.81 -4.93 1.92 -0.35
28.44 26.99 0.11 9.85 -0.61 -6.94 1.18 -0.07
28.46 26.99 0.35 9.91 -0.57 -3.69 2.13 0.05
28.48 26.89 0.36 9.95 -0.59 -0.44 1.99 0.04
28.51 26.89 0.35 9.94 -0.55 -1.95 2.04 0.02
28.53 27.04 0.32 9.92 -0.54 -2.52 1.15 0.10
28.55 26.85 0.34 9.94 -0.54 -0.02 1.98 0.16
28.58 26.80 0.36 9.94 -0.60 -1.08 1.92 0.15
28.60 27.04 0.39 9.96 -0.57 -0.39 2.11 0.09
28.62 26.89 0.34 9.99 -0.71 -4.37 2.18 -0.12
28.65 26.89 0.37 9.94 -0.62 -5.39 1.86 0.22
28.67 26.99 0.35 9.92 -0.59 -5.23 2.01 0.07
28.69 26.85 0.37 9.94 -0.56 -3.56 1.98 -0.13
28.72 26.80 0.37 9.94 -0.61 -3.69 2.16 -0.18
28.74 26.85 0.34 9.92 -0.56 -1.85 1.98 -0.04
28.77 26.80 0.38 9.95 -0.66 -1.27 2.17 0.16
28.79 26.70 0.39 9.95 -0.70 -1.13 2.13 0.11
28.81 26.89 0.38 9.96 -0.53 -2.05 1.98 0.28
28.84 26.89 0.35 9.91 -0.56 0.56 2.20 -0.25
28.86 26.85 0.37 9.96 -0.66 0.26 2.24 0.13
28.88 26.89 0.34 9.95 -0.65 -2.85 2.19 0.07
28.91 26.65 0.39 9.98 -0.67 -3.43 1.85 -0.04
28.93 26.89 0.37 9.94 -0.64 -4.57 1.97 -0.18
28.95 26.85 0.36 9.94 -0.65 -2.80 2.05 0.05
28.98 26.65 0.36 9.93 -0.65 -2.31 2.13 -0.23
29.00 26.85 0.39 9.95 -0.68 -3.18 1.99 0.02
29.02 26.80 0.38 9.96 -0.63 -2.44 2.02 -0.23
29.05 26.80 0.38 9.98 -0.61 -2.51 1.86 -0.26
29.07 27.04 0.34 9.94 -0.63 -4.50 2.12 -0.07
29.10 26.80 0.34 9.93 -0.62 -4.40 1.98 0.18
29.12 27.18 0.35 9.96 -0.59 -1.69 2.05 -0.07
29.14 26.80 0.38 9.98 -0.68 -2.27 2.33 -0.15
29.17 26.80 0.37 9.93 -0.54 -1.93 1.86 -0.01
29.19 26.80 0.33 9.92 -0.70 -3.23 2.29 0.26
29.21 27.04 0.40 9.93 -0.65 -4.18 2.09 -0.23
29.24 26.80 0.37 9.96 -0.69 -5.71 2.02 0.06
29.26 26.89 0.32 9.98 -0.58 -5.28 2.11 -0.24
29.29 26.99 0.36 9.93 -0.63 -4.18 1.95 -0.22
29.31 26.80 0.38 9.97 -0.57 -4.06 2.23 -0.24
29.33 26.70 0.36 9.92 -0.53 -2.60 1.95 0.21
29.36 26.99 0.39 9.93 -0.57 -1.02 2.01 -0.14
29.38 26.80 0.34 9.94 -0.59 -0.45 2.08 -0.04
29.40 26.99 0.31 9.95 -0.64 -0.98 2.14 0.13
29.43 26.99 0.36 9.94 -0.65 0.01 2.04 0.25
29.45 26.80 0.37 9.95 -0.64 -1.15 1.95 0.14
29.47 26.89 0.32 9.93 -0.65 -1.57 2.05 0.15
29.50 26.99 0.38 9.97 -0.65 -0.44 2.02 0.07
29.52 26.65 0.36 9.93 -0.67 -1.41 2.02 -0.10
29.55 26.99 0.35 9.94 -0.68 -2.51 1.98 -0.05
29.57 26.80 0.39 9.93 -0.61 -3.34 1.89 -0.15
29.59 26.65 0.40 9.94 -0.59 -1.24 1.86 0.04
29.62 26.89 0.40 9.94 -0.69 -0.17 2.00 -0.27
29.64 26.80 0.36 9.95 -0.70 -2.00 2.03 -0.14
29.67 26.89 0.36 9.94 -0.73 -4.97 2.15 -0.03
29.69 26.80 0.40 9.99 -0.68 -5.95 1.85 0.03
29.71 26.89 0.38 9.90 -0.62 -3.31 2.01 0.00
29.73 26.85 0.37 9.91 -0.64 -0.75 1.97 -0.05
29.76 26.99 0.36 9.97 -0.74 -0.31 1.89 0.02
29.78 26.80 0.38 9.95 -0.72 -1.84 1.94 -0.08
29.81 26.70 0.36 9.95 -0.80 -2.21 2.18 0.07
29.83 26.80 0.37 9.93 -0.72 -2.59 2.04 0.14
29.85 26.85 0.39 9.96 -0.68 -3.10 1.85 -0.05
29.88 27.04 0.35 9.95 -0.72 -2.95 2.05 0.14
29.90 27.09 0.37 9.97 -0.74 -5.49 1.96 -0.11
29.92 26.89 0.34 9.87 -0.65 -5.10 2.14 -0.16
29.95 26.89 0.38 9.94 -0.73 -3.79 2.18 0.17
29.97 26.80 0.35 9.91 -0.64 -3.68 2.05 -0.20
30.00 26.85 0.39 9.97 -0.67 -3.82 2.18 -0.08
30.02 26.80 0.37 9.94 -0.62 -3.33 2.17 -0.11
30.04 26.70 0.34 9.92 -0.63 -0.87 2.03 0.01
30.07 26.89 0.37 9.99 -0.68 -0.78 2.02 0.09
30.09 26.89 0.42 9.97 -0.70 -2.66 1.83 0.08
30.11 26.80 0.35 9.94 -0.68 -2.98 1.93 -0.15
30.14 26.99 0.34 9.91 -0.69 -1.80 2.01 -0.05
30.16 26.80 0.39 9.96 -0.68 -0.21 2.12 -0.15
30.19 27.04 0.36 9.96 -0.75 -1.78 1.92 -0.27
30.21 26.70 0.39 9.91 -0.68 -3.70 1.92 0.27
30.23 26.80 0.35 9.98 -0.71 -5.18 2.08 0.06
30.26 27.09 0.37 9.97 -0.67 -5.13 1.98 -0.26
30.28 26.85 0.37 9.92 -0.61 -2.46 2.05 -0.07
30.30 26.80 0.36 9.97 -0.65 -1.11 2.05 0.07
30.33 26.85 0.36 9.97 -0.77 -1.08 1.89 0.06
30.35 26.80 0.37 9.92 -0.66 -2.20 2.07 0.08
30.37 26.99 0.34 9.95 -0.80 -3.83 2.12 -0.15
30.40 26.80 0.39 9.95 -0.65 -4.39 2.31 -0.05
30.42 26.89 0.39 9.93 -0.69 -2.96 1.89 -0.21
30.45 26.89 0.36 9.95 -0.66 -2.69 1.73 -0.21
30.47 26.80 0.33 9.95 -0.69 -4.09 1.85 0.11
30.49 27.04 0.36 9.94 -0.64 -4.40 2.08 0.13
30.52 26.99 0.36 9.94 -0.74 -4.16 2.11 0.06
30.54 26.65 0.39 9.96 -0.72 -4.03 2.11 -0.25
30.56 26.89 0.35 9.94 -0.68 -5.83 2.03 -0.13
30.59 26.80 0.39 9.96 -0.70 -9.02 1.92 -0.24
30.61 27.04 0.41 9.91 -0.53 -6.18 1.86 0.10
30.64 26.80 0.36 10.00 -0.75 -6.85 1.94 -0.03
30.66 26.80 0.35 9.97 -0.65 -10.30 1.93 -0.21
30.68 26.85 0.34 9.92 -0.41 -7.15 2.20 0.01
30.71 26.85 0.43 9.94 -0.50 -9.34 1.12 0.01
30.73 26.65 0.33 10.09 -0.68 -15.56 -1.65 0.25
30.76 26.99 0.30 10.07 -0.75 -33.82 -7.70 0.05
30.78 26.99 0.40 9.95 -0.22 -35.98 -5.73 -0.02
30.81 26.89 0.36 9.89 -0.12 -37.61 -3.40 -0.29
30.83 27.04 0.39 9.80 0.21 -30.27 -0.36 -0.12
30.86 27.04 0.41 9.94 0.15 -26.41 1.98 -0.15
30.88 26.70 0.36 9.92 0.16 -27.48 2.11 -0.21
30.90 26.89 0.38 9.84 0.43 -27.22 1.94 -0.20
30.93 26.70 0.45 9.80 0.66 -15.87 2.00 0.09
30.95 26.85 0.41 9.92 0.40 -15.99 2.47 -0.01
30.97 26.99 0.30 9.91 0.47 -17.95 2.92 -0.02
31.00 26.85 0.28 9.89 0.55 -22.34 3.00 -0.11
31.02 26.80 0.35 9.88 0.66 -19.08 2.52 0.03
31.05 26.99 0.31 9.90 0.58 -23.75 2.64 0.37
31.07 26.99 0.34 9.82 0.90 -20.56 1.94 0.12
31.09 26.85 0.33 9.85 0.99 -14.02 2.05 0.09
31.12 26.80 0.35 9.86 0.92 -15.45 2.04 -0.17
31.14 26.89 0.34 9.80 1.03 -14.57 2.44 -0.01
31.16 26.85 0.38 9.90 0.92 -13.96 2.11 -0.19
31.19 26.65 0.34 9.75 1.25 -8.69 5.15 0.34
31.21 26.99 0.36 9.74 1.27 1.42 9.15 0.99
31.23 26.99 0.34 9.83 1.04 4.77 10.73 1.17
31.26 27.09 0.38 9.84 0.96 2.50 10.85 1.17
31.28 26.89 0.34 9.87 0.93 2.85 10.78 0.97
31.30 27.04 0.40 9.80 0.93 4.82 11.84 1.46
31.32 27.04 0.31 9.86 0.87 4.53 9.14 1.24
31.35 26.99 0.34 9.94 0.65 -2.38 3.68 0.34
31.37 26.80 0.39 9.84 0.94 -4.80 1.76 -0.24
31.39 26.80 0.26 9.92 0.76 -8.57 1.40 -0.21
31.42 26.80 0.22 10.05 0.49 -21.22 -2.73 -0.92
31.44 26.80 0.35 9.98 0.81 -54.37 -13.41 -2.67
31.47 26.89 0.50 9.71 1.42 -63.22 -13.84 -2.74
31.49 26.89 0.50 9.62 1.65 -69.86 -9.31 -2.79
31.52 26.85 0.41 9.71 1.57 -53.83 -7.66 -2.22
31.54 26.80 0.32 9.77 1.64 -61.92 -12.24 -3.89
31.56 26.89 0.38 9.44 2.47 -66.63 -13.73 -4.83
31.59 26.80 0.38 9.29 3.04 -55.15 -8.03 -3.32
31.61 26.85 0.44 9.18 3.24 -37.76 1.05 -0.53
31.64 26.89 0.38 9.23 3.21 -30.71 4.43 0.80
31.66 26.89 0.31 9.38 2.91 -25.16 4.63 0.90
31.68 26.99 0.26 9.31 3.11 -26.31 4.05 0.16
31.71 26.65 0.38 9.18 3.44 -24.44 5.05 1.07
31.73 26.85 0.37 9.31 3.07 -17.27 4.69 1.32
31.76 26.99 0.34 9.24 3.31 -13.42 4.70 0.94
31.78 26.89 0.38 9.18 3.34 -11.44 4.59 0.82
31.80 27.09 0.34 9.24 3.23 -14.44 4.53 1.08
31.82 26.80 0.35 9.18 3.51 -14.27 4.22 0.87
31.85 26.80 0.35 9.12 3.53 -13.53 3.51 0.66
31.87 26.89 0.34 9.20 3.26 -19.01 4.46 1.07
31.90 26.89 0.31 9.12 3.51 -19.64 4.24 1.01
31.92 26.70 0.34 9.09 3.58 -21.47 3.57 0.59
31.94 26.99 0.36 9.06 3.86 -21.05 2.75 0.36
31.97 26.89 0.36 8.90 4.03 -25.24 4.93 1.31
31.99 27.04 0.29 9.07 3.66 -32.29 5.43 1.62
32.01 26.85 0.31 8.91 3.97 -39.27 6.08 1.79
32.04 26.80 0.35 8.90 4.13 -34.05 4.73 1.21
32.06 26.65 0.31 8.83 4.16 -28.01 2.15 0.27
32.08 26.80 0.34 8.70 4.44 -23.95 2.09 0.05
32.11 26.99 0.33 8.75 4.36 -22.62 1.82 -0.15
32.13 26.85 0.37 8.81 4.27 -29.28 1.86 -0.07
32.15 26.85 0.43 8.68 4.46 -34.18 2.53 -0.04
32.18 26.80 0.34 8.54 4.71 -29.48 3.39 0.85
32.20 26.80 0.39 8.51 4.74 -26.70 3.28 0.78
32.22 26.80 0.22 8.47 4.85 -23.53 2.58 0.53
32.25 27.09 0.32 8.40 4.93 -23.18 2.46 0.49
32.27 26.85 0.29 8.37 4.92 -27.92 2.37 0.34
32.29 26.85 0.46 8.35 5.06 -29.07 2.65 0.33
32.32 26.89 0.29 8.19 5.33 -23.84 2.72 0.45
32.34 26.85 0.34 8.15 5.35 -18.76 2.94 0.44
32.37 26.85 0.26 8.19 5.19 -17.22 3.02 0.66
32.39 26.89 0.31 8.18 5.21 -24.96 3.18 0.74
32.41 26.85 0.31 7.95 5.58 -29.37 4.16 1.55
32.44 26.80 0.33 8.07 5.41 -32.14 5.90 2.64
32.46 26.89 0.37 8.09 5.46 -29.21 3.92 1.18
32.48 26.85 0.34 7.74 5.88 -32.63 4.53 2.11
32.51 27.18 0.30 7.86 5.74 -35.44 6.17 3.25
32.53 26.99 0.32 7.71 5.91 -39.80 6.29 3.50
32.55 26.89 0.32 7.61 5.93 -47.90 8.11 4.85
32.58 26.80 0.31 7.57 6.05 -46.62 6.80 3.99
32.60 26.65 0.40 7.50 6.05 -51.39 6.33 3.90
32.62 26.85 0.34 7.38 6.25 -56.01 5.46 3.05
32.65 26.65 0.38 7.11 6.61 -58.95 4.82 2.69
32.67 26.99 0.38 7.16 6.57 -53.27 0.05 -1.98
32.69 26.99 0.35 6.86 6.81 -48.95 -0.42 -3.00
32.72 26.85 0.31 6.61 7.05 -52.35 0.37 -1.70
32.74 26.80 0.43 6.39 7.24 -49.43 1.03 -1.65
32.77 26.99 0.33 6.35 7.32 -47.32 0.11 -2.60
32.79 26.89 0.33 6.25 7.36 -45.74 1.43 -0.87
32.81 26.89 0.27 6.11 7.46 -48.87 1.66 -0.70
32.84 27.04 0.31 5.90 7.67 -47.37 2.02 -0.20
32.86 26.89 0.33 5.87 7.51 -53.81 1.84 0.00
32.88 26.80 0.31 5.52 7.89 -58.56 2.21 -0.15
32.91 26.85 0.46 5.35 7.89 -58.18 1.25 -1.53
32.93 26.80 0.32 5.24 8.04 -66.12 0.78 -2.23
32.96 26.65 0.23 4.89 8.48 -51.64 1.78 -0.28
32.98 26.89 0.27 4.80 8.58 -37.60 1.92 -0.33
33.01 26.85 0.25 4.67 8.49 -26.89 2.42 0.21
33.03 26.80 0.31 4.75 8.30 -29.60 2.15 -0.10
33.05 26.99 0.35 4.48 8.69 -33.60 1.95 -0.01
33.08 26.56 0.33 4.22 8.92 -29.72 2.17 0.43
33.10 26.99 0.27 4.31 8.66 -17.88 2.03 0.24
33.12 26.89 0.33 4.37 8.32 -25.16 1.87 0.21
33.15 26.85 0.32 4.25 8.58 -32.60 1.80 0.37
33.17 27.18 0.34 4.08 8.74 -29.40 1.84 0.02
33.19 26.85 0.35 4.20 8.47 -45.17 2.08 0.06
33.22 26.99 0.32 3.84 8.66 -60.66 2.22 -0.06
33.24 26.99 0.34 3.47 9.05 -60.81 2.19 -0.13
33.26 26.99 0.32 3.12 9.41 -45.05 2.27 -0.02
33.29 26.85 0.32 3.15 9.24 -25.05 2.24 0.14
33.31 26.65 0.30 3.28 8.89 -24.66 2.29 0.08
33.34 27.04 0.32 3.10 9.00 -35.07 2.15 -0.08
33.36 27.04 0.32 2.91 9.17 -35.13 2.44 0.37
33.38 26.89 0.33 2.77 9.25 -37.69 2.36 0.03
33.40 26.80 0.29 2.69 9.25 -37.31 2.26 -0.23
33.43 26.80 0.31 2.57 9.18 -39.26 2.34 -0.16
33.45 26.99 0.29 2.28 9.52 -32.08 2.31 0.17
33.48 26.70 0.30 2.22 9.47 -24.26 2.21 0.11
33.50 26.89 0.28 2.11 9.45 -20.67 2.15 0.05
33.52 27.04 0.34 2.22 9.26 -18.50 2.27 0.37
33.55 26.99 0.31 2.15 9.22 -30.76 2.22 0.17
33.57 26.85 0.30 1.82 9.58 -25.47 2.14 0.07
33.59 26.89 0.33 1.91 9.44 -19.36 2.12 -0.13
33.62 26.65 0.32 1.78 9.53 -26.66 2.03 0.01
33.64 26.70 0.31 1.77 9.40 -26.18 2.05 0.06
33.67 26.85 0.30 1.56 9.53 -19.56 2.08 0.16
33.69 26.70 0.31 1.48 9.65 -21.79 2.24 0.11
33.71 27.04 0.31 1.48 9.55 -24.84 1.89 0.10
33.73 26.89 0.30 1.31 9.66 -19.52 1.85 0.05
33.76 26.99 0.32 1.28 9.56 -15.90 2.08 0.03
33.78 26.70 0.30 1.35 9.43 -16.32 2.24 0.21
33.81 26.89 0.30 1.24 9.57 -16.99 2.18 0.14
33.83 26.89 0.32 1.36 9.14 -29.98 2.34 -0.21
33.85 26.80 0.30 1.05 9.55 -34.14 2.30 0.22
33.88 26.80 0.34 0.85 9.73 -34.63 2.35 0.22
33.90 26.89 0.31 0.82 9.60 -14.17 1.97 0.44
33.92 26.80 0.33 0.72 9.71 -8.40 2.01 -0.14
33.95 26.80 0.33 0.83 9.55 -5.19 2.28 -0.08
33.97 26.80 0.30 0.78 9.56 -6.23 2.22 -0.19
33.99 26.85 0.32 0.73 9.61 -6.44 1.98 0.02
34.02 27.04 0.31 0.70 9.64 -5.37 1.99 0.05
34.04 27.04 0.32 0.72 9.56 -6.04 2.01 0.21
34.06 26.99 0.26 0.74 9.52 -7.90 1.92 -0.03
34.08 26.70 0.30 0.74 9.53 -10.99 2.20 0.02
34.11 26.80 0.29 0.71 9.39 -17.39 1.89 0.32
34.13 27.09 0.32 0.50 9.75 -15.71 2.21 -0.30
34.15 26.89 0.32 0.51 9.55 -12.05 1.95 -0.13
34.18 27.04 0.29 0.53 9.60 -10.77 2.21 0.05
34.20 26.85 0.27 0.39 9.65 -5.73 1.99 0.00
34.23 26.80 0.35 0.38 9.76 -4.16 2.35 0.17
34.25 26.85 0.31 0.51 9.50 -5.12 2.08 0.24
34.27 26.85 0.32 0.37 9.69 -4.27 1.93 -0.22
34.29 26.80 0.34 0.37 9.67 -3.86 1.78 0.05
34.32 26.80 0.31 0.46 9.65 -2.48 1.92 -0.17
34.34 26.99 0.35 0.43 9.67 -0.79 1.80 0.04
34.36 26.80 0.26 0.47 9.57 -2.85 1.89 0.17
34.39 26.80 0.30 0.48 9.55 -6.90 1.65 -0.02
34.41 26.80 0.30 0.43 9.64 -6.47 1.85 -0.02
34.43 26.99 0.32 0.55 9.42 -11.76 1.87 -0.05
34.46 26.89 0.31 0.51 9.46 -41.45 1.16 0.16
34.48 26.80 0.29 -0.08 9.76 -3.22 1.53 0.03
34.50 26.80 0.25 -0.81 9.58 -4.69 1.86 5.41
34.53 26.56 0.22 -0.75 9.61 -3.35 2.21 14.49
34.55 26.80 0.43 1.89 9.57 -2.92 2.18 8.20
34.58 26.65 0.34 0.18 9.62 -3.08 2.13 -0.05
34.60 26.89 0.32 0.21 9.61 -3.23 2.06 -0.28
34.62 26.80 0.32 0.20 9.55 -3.34 1.92 0.11
34.64 26.99 0.33 0.20 9.59 -2.97 1.98 0.07
34.67 26.80 0.31 0.16 9.66 -2.73 2.12 -0.17
34.69 26.80 0.35 0.17 9.59 -3.00 2.28 -0.10
34.71 26.65 0.31 0.21 9.59 -2.97 2.22 0.09
34.74 26.89 0.33 0.20 9.62 -3.00 2.04 0.11
34.76 26.80 0.31 0.18 9.62 -2.82 2.02 -0.08
34.78 26.89 0.35 0.15 9.56 -3.13 2.13 -0.17
34.81 26.89 0.29 0.19 9.53 -2.94 2.23 0.02
34.83 26.85 0.27 0.18 9.60 -3.31 2.06 -0.25
34.85 26.65 0.36 0.20 9.59 -3.27 2.02 -0.18
34.88 26.99 0.30 0.16 9.61 -3.23 1.93 -0.19
34.90 26.89 0.35 0.18 9.59 -3.08 2.31 -0.13
34.92 26.99 0.31 0.23 9.65 -3.05 1.87 -0.01
34.95 26.85 0.32 0.18 9.62 -3.13 1.97 -0.10
34.97 26.80 0.35 0.17 9.58 -3.12 2.11 0.08
34.99 26.85 0.34 0.17 9.59 -2.85 2.34 -0.12
35.02 26.80 0.31 0.17 9.58 -2.93 2.15 -0.34
35.04 26.56 0.35 0.17 9.61 -3.03 1.89 0.22
35.06 26.51 0.31 0.18 9.64 -3.23 1.92 -0.02
35.09 26.99 0.33 0.17 9.60 -2.92 2.18 -0.15
35.11 26.85 0.30 0.16 9.62 -2.93 2.08 0.11
35.13 26.89 0.32 0.19 9.58 -3.38 1.95 -0.24
35.15 26.70 0.32 0.19 9.58 -2.81 1.96 -0.07
35.18 26.89 0.34 0.22 9.59 -3.20 1.97 -0.12
35.20 26.89 0.33 0.17 9.58 -3.02 2.22 -0.20
35.22 26.89 0.34 0.17 9.60 -2.98 2.20 -0.15
35.25 26.80 0.33 0.22 9.63 -2.91 2.25 0.02
35.27 26.80 0.34 0.17 9.61 -3.02 2.01 0.12
35.29 27.04 0.33 0.19 9.58 -2.75 1.87 -0.09
35.32 26.80 0.32 0.17 9.60 -3.11 2.20 0.03
35.34 26.89 0.33 0.17 9.65 -3.19 1.93 -0.05
35.36 26.89 0.34 0.19 9.64 -2.87 1.81 -0.17
35.39 26.85 0.31 0.21 9.62 -3.08 2.10 0.03
35.41 26.56 0.29 0.20 9.57 -3.15 2.02 -0.23
35.43 26.80 0.30 0.17 9.64 -2.95 2.25 0.01
35.46 26.99 0.32 0.22 9.62 -2.92 2.13 -0.16
35.48 26.89 0.31 0.20 9.63 -3.04 1.92 -0.08
35.50 26.80 0.32 0.18 9.62 -3.05 2.10 -0.22
35.53 26.80 0.33 0.22 9.59 -2.90 2.11 -0.08
35.55 26.85 0.36 0.23 9.55 -3.12 2.11 -0.12
35.57 26.80 0.36 0.17 9.61 -3.01 1.94 -0.30
35.60 26.89 0.30 0.16 9.63 -2.71 2.05 0.15
35.62 26.89 0.34 0.16 9.63 -3.14 1.70 -0.05
35.64 26.85 0.30 0.22 9.58 -3.16 1.79 -0.04
35.67 26.80 0.31 0.22 9.62 -3.12 2.21 0.19
35.69 26.85 0.30 0.20 9.64 -2.84 2.13 -0.10
35.71 26.85 0.30 0.18 9.61 -2.97 2.09 -0.25
35.74 26.65 0.34 0.19 9.58 -3.08 1.99 -0.31
35.76 27.04 0.34 0.18 9.59 -2.86 2.21 0.00
35.78 27.04 0.34 0.17 9.63 -2.82 1.82 -0.09
35.81 27.09 0.34 0.21 9.61 -2.89 1.85 0.16
35.83 27.04 0.31 0.16 9.60 -3.03 2.10 0.09
35.85 26.85 0.33 0.20 9.65 -2.92 1.82 -0.14
35.88 26.99 0.31 0.22 9.60 -3.11 2.21 0.13
35.90 26.70 0.30 0.21 9.59 -3.12 2.11 0.06
35.92 26.99 0.32 0.21 9.57 -2.77 2.18 -0.07
35.95 26.99 0.31 0.19 9.58 -2.87 2.04 0.26
35.97 26.70 0.34 0.16 9.56 -3.08 1.94 -0.24
35.99 26.80 0.31 0.20 9.65 -2.86 1.96 -0.05
36.02 26.89 0.32 0.21 9.64 -2.73 1.98 0.08
36.04 26.89 0.31 0.20 9.62 -2.94 2.28 -0.11
36.06 26.80 0.33 0.14 9.56 -3.11 1.60 0.02
36.08 26.99 0.34 0.17 9.62 -2.82 2.11 -0.26
36.11 26.89 0.33 0.19 9.58 -2.74 1.89 -0.17
36.13 26.99 0.32 0.20 9.54 -2.96 1.96 0.02
36.15 26.80 0.33 0.21 9.56 -2.79 2.03 0.14
36.18 27.04 0.34 0.14 9.59 -3.14 2.20 -0.21
36.20 27.09 0.32 0.20 9.61 -2.93 1.86 -0.09
36.22 26.80 0.33 0.17 9.60 -3.18 1.88 0.00
36.25 26.89 0.32 0.20 9.60 -3.01 2.15 0.24
36.27 27.04 0.33 0.21 9.61 -2.99 2.14 -0.02
36.29 26.99 0.31 0.18 9.60 -2.95 2.34 -0.18
36.32 26.85 0.33 0.17 9.64 -3.18 2.03 -0.21
36.34 26.99 0.29 0.23 9.64 -2.89 2.01 -0.29
36.36 26.99 0.30 0.20 9.58 -2.96 1.93 0.01
36.38 26.99 0.29 0.18 9.57 -2.89 1.76 0.26
36.41 26.89 0.31 0.20 9.64 -3.04 2.12 0.05
36.43 26.80 0.36 0.17 9.60 -3.27 2.12 -0.31
36.45 26.70 0.30 0.16 9.59 -2.78 2.17 -0.02
36.48 26.80 0.34 0.17 9.57 -2.97 2.22 -0.07
36.50 26.70 0.30 0.21 9.60 -2.98 2.19 -0.01
36.53 26.99 0.29 0.17 9.64 -3.06 2.06 -0.11
36.55 26.99 0.33 0.19 9.61 -2.92 1.92 -0.11
36.57 27.04 0.29 0.19 9.61 -3.22 1.78 0.01
36.59 27.09 0.30 0.19 9.59 -2.73 2.17 -0.06
36.62 26.80 0.33 0.17 9.60 -2.75 2.24 -0.01
36.64 26.85 0.33 0.20 9.63 -2.85 1.94 0.14
36.66 26.85 0.30 0.16 9.65 -2.82 1.95 -0.14
36.69 26.89 0.35 0.19 9.60 -2.88 2.14 0.14
36.71 26.99 0.34 0.19 9.62 -3.01 2.11 0.16
36.73 26.80 0.33 0.23 9.59 -3.19 2.19 -0.14
36.76 26.85 0.34 0.18 9.62 -2.85 1.93 -0.03
36.78 26.85 0.29 0.19 9.60 -2.96 2.04 0.09
36.80 26.85 0.33 0.18 9.59 -2.99 1.90 -0.13
36.83 27.04 0.30 0.21 9.61 -2.95 2.27 0.08
36.85 27.04 0.34 0.19 9.62 -2.91 2.14 0.11
36.87 26.89 0.32 0.18 9.61 -2.80 2.30 -0.02
36.90 26.80 0.32 0.19 9.62 -2.92 2.10 0.11
36.92 26.89 0.29 0.20 9.59 -3.06 2.21 -0.10
36.94 26.85 0.29 0.20 9.65 -3.19 2.04 0.11
36.96 26.85 0.33 0.22 9.56 -2.98 2.24 -0.06
36.99 26.85 0.29 0.22 9.57 -3.03 2.03 0.09
37.01 27.09 0.33 0.17 9.56 -3.12 1.84 -0.35
37.04 26.89 0.33 0.21 9.64 -3.32 2.18 -0.04
37.06 26.99 0.36 0.18 9.62 -2.94 2.08 0.21
37.08 26.85 0.31 0.19 9.55 -3.15 1.98 -0.21
37.10 26.80 0.34 0.23 9.64 -3.27 1.93 -0.02
37.13 26.89 0.33 0.15 9.64 -3.05 2.12 0.17
37.15 26.89 0.33 0.15 9.52 -3.03 2.19 -0.04
37.17 27.18 0.31 0.19 9.60 -2.93 1.98 0.08
37.20 27.04 0.30 0.18 9.59 -2.84 1.80 -0.04
37.22 26.89 0.32 0.16 9.58 -3.09 2.08 -0.40
37.24 26.99 0.31 0.20 9.60 -2.98 1.99 -0.19
37.27 26.89 0.32 0.17 9.62 -3.01 2.01 -0.27
37.29 26.80 0.34 0.21 9.61 -2.66 2.18 0.13
37.31 26.85 0.30 0.23 9.62 -2.85 2.08 0.04
37.34 26.99 0.29 0.18 9.59 -2.78 2.01 -0.30
37.36 26.99 0.30 0.17 9.58 -3.10 2.15 0.00
37.38 26.85 0.31 0.19 9.54 -2.88 1.95 -0.17
37.40 26.85 0.31 0.21 9.66 -3.34 2.01 -0.24
37.43 27.04 0.32 0.23 9.57 -2.99 2.07 -0.08
37.45 26.89 0.30 0.21 9.59 -2.98 1.65 -0.12
37.48 26.85 0.31 0.17 9.57 -3.02 1.97 0.07
37.50 26.85 0.33 0.18 9.62 -3.00 2.28 -0.11
37.52 26.70 0.34 0.20 9.62 -3.25 2.18 -0.27
37.54 26.85 0.33 0.19 9.59 -3.11 2.09 0.14
37.57 26.85 0.36 0.19 9.58 -3.03 2.02 0.04
37.59 26.89 0.29 0.18 9.61 -2.88 2.03 -0.13
37.61 26.89 0.33 0.17 9.64 -2.82 1.97 0.15
37.64 26.99 0.29 0.21 9.56 -2.79 2.20 -0.08
37.66 26.65 0.30 0.20 9.60 -3.02 2.06 -0.04
37.68 26.89 0.30 0.16 9.59 -2.90 1.82 0.02
37.71 26.85 0.29 0.18 9.55 -3.07 1.90 0.05
37.73 26.85 0.34 0.15 9.58 -3.00 2.01 0.01
37.75 27.09 0.34 0.16 9.63 -3.30 2.17 0.02
37.78 26.80 0.31 0.19 9.56 -2.95 2.01 0.37
37.80 26.85 0.32 0.23 9.58 -2.98 1.86 0.01
37.82 26.89 0.33 0.15 9.55 -2.79 1.83 0.08
37.84 27.09 0.31 0.22 9.61 -2.72 2.08 0.07
37.87 26.80 0.29 0.19 9.58 -3.07 2.11 0.00
37.89 26.80 0.32 0.21 9.64 -2.89 1.94 -0.05
37.91 26.89 0.32 0.20 9.60 -2.75 1.90 0.03
37.94 27.18 0.32 0.20 9.61 -3.13 2.06 -0.03
37.96 27.18 0.34 0.21 9.62 -3.16 2.16 -0.18
37.98 26.80 0.29 0.18 9.63 -3.11 2.34 -0.19
38.01 26.85 0.32 0.17 9.56 -2.95 2.30 0.11
38.03 26.99 0.33 0.22 9.59 -2.78 1.88 -0.02
38.05 26.80 0.30 0.21 9.59 -3.05 2.04 -0.04
38.08 26.99 0.33 0.16 9.53 -2.76 2.16 -0.22
38.10 26.80 0.31 0.17 9.56 -2.97 2.18 0.09
38.12 26.89 0.33 0.21 9.55 -3.18 1.95 -0.23
38.15 26.80 0.30 0.19 9.60 -3.24 2.18 -0.01
38.17 26.65 0.30 0.22 9.62 -3.04 2.17 -0.09
38.19 26.89 0.33 0.16 9.58 -3.36 1.89 -0.03
38.22 26.89 0.30 0.22 9.64 -3.25 2.11 0.00
38.24 27.04 0.31 0.17 9.58 -3.11 1.97 -0.01
38.26 26.85 0.31 0.17 9.60 -2.85 2.16 0.07
