0.01 26.89 0.32 0.16 9.60 -2.85 2.06 -0.04
0.04 26.99 0.34 0.19 9.61 -3.04 2.23 -0.02
0.06 26.89 0.28 0.18 9.57 -2.89 2.39 0.00
0.08 26.56 0.32 0.18 9.60 -2.86 1.89 -0.20
0.11 26.89 0.34 0.15 9.53 -3.00 2.15 -0.19
0.13 26.65 0.32 0.20 9.57 -3.18 2.22 -0.18
0.15 26.80 0.31 0.18 9.58 -2.75 2.22 0.29
0.17 26.65 0.31 0.17 9.63 -2.87 1.92 0.16
0.20 26.80 0.35 0.23 9.65 -3.05 2.02 -0.15
0.22 26.80 0.33 0.22 9.59 -3.01 2.04 -0.18
0.24 26.70 0.30 0.19 9.59 -3.07 2.13 0.11
0.26 26.65 0.35 0.17 9.55 -3.14 2.39 0.08
0.29 26.80 0.36 0.20 9.64 -2.93 2.03 -0.05
0.31 26.85 0.31 0.21 9.62 -3.02 2.14 -0.18
0.33 26.70 0.34 0.20 9.58 -2.82 1.92 -0.11
0.35 26.56 0.34 0.22 9.53 -3.15 2.02 0.15
0.38 27.09 0.34 0.22 9.59 -2.80 2.17 -0.11
0.40 26.80 0.33 0.20 9.60 -3.00 1.89 0.09
0.42 26.70 0.33 0.17 9.59 -2.91 1.92 -0.10
0.45 26.80 0.34 0.17 9.58 -3.08 1.95 0.15
0.47 26.85 0.31 0.19 9.59 -3.10 2.01 -0.18
0.49 26.70 0.33 0.21 9.61 -3.12 2.23 0.07
0.51 26.70 0.33 0.18 9.62 -2.86 2.02 0.05
0.54 26.80 0.35 0.21 9.61 -2.99 2.22 -0.16
0.56 26.89 0.34 0.17 9.59 -2.96 1.92 0.20
0.58 26.89 0.32 0.21 9.63 -2.94 1.95 -0.06
0.60 26.80 0.33 0.22 9.60 -2.94 2.03 -0.19
0.63 26.56 0.30 0.16 9.58 -3.15 2.08 -0.02
0.65 26.80 0.34 0.19 9.63 -2.99 2.05 0.02
0.67 26.80 0.32 0.20 9.56 -2.95 2.09 0.18
0.70 26.89 0.32 0.17 9.59 -3.12 1.79 0.05
0.72 26.56 0.34 0.19 9.59 -2.70 1.98 -0.22
0.74 26.85 0.34 0.16 9.63 -3.01 2.27 0.17
0.76 26.80 0.33 0.19 9.57 -2.89 1.97 0.03
0.78 26.99 0.34 0.21 9.59 -2.93 1.83 0.11
0.81 26.80 0.33 0.19 9.58 -3.00 2.24 0.24
0.83 26.70 0.34 0.18 9.59 -3.10 2.06 0.11
0.85 26.89 0.32 0.21 9.57 -3.01 2.14 -0.17
0.87 26.70 0.33 0.16 9.66 -2.87 1.74 -0.37
0.90 26.89 0.35 0.21 9.62 -2.95 2.04 -0.28
0.92 26.80 0.35 0.18 9.62 -2.92 1.85 -0.08
0.94 26.89 0.32 0.20 9.64 -2.96 2.03 -0.12
0.97 26.85 0.33 0.23 9.54 -3.12 2.15 0.31
0.99 26.80 0.34 0.19 9.59 -3.12 1.94 -0.11
1.01 26.56 0.32 0.18 9.57 -2.98 1.83 -0.21
1.03 26.85 0.34 0.22 9.59 -3.07 1.77 -0.05
1.06 26.70 0.35 0.17 9.63 -3.06 2.24 -0.04
1.08 26.89 0.34 0.19 9.61 -2.71 1.86 -0.10
1.10 26.85 0.34 0.20 9.53 -2.87 2.13 0.21
1.12 26.85 0.33 0.18 9.60 -2.87 2.09 0.02
1.15 26.65 0.34 0.23 9.58 -2.97 1.94 -0.16
1.17 26.80 0.31 0.19 9.66 -2.95 2.10 -0.05
1.19 26.80 0.31 0.19 9.54 -3.02 2.05 0.21
1.22 26.80 0.36 0.20 9.60 -2.91 2.24 0.08
1.24 26.65 0.35 0.19 9.66 -2.86 1.98 0.20
1.26 26.80 0.30 0.17 9.62 -2.92 2.15 0.12
1.28 26.80 0.34 0.18 9.61 -3.03 1.87 0.11
1.30 27.04 0.32 0.19 9.58 -2.99 1.95 0.01
1.33 26.89 0.33 0.21 9.59 -3.16 1.85 -0.08
1.35 26.80 0.35 0.21 9.63 -2.84 2.09 0.10
1.37 26.80 0.33 0.21 9.61 -2.99 1.98 0.02
1.39 26.80 0.30 0.20 9.62 -2.94 1.82 0.06
1.42 26.65 0.33 0.18 9.63 -3.09 1.85 -0.10
1.44 26.56 0.34 0.17 9.61 -2.85 2.08 -0.02
1.46 26.80 0.32 0.20 9.56 -3.09 2.18 -0.22
1.49 26.85 0.31 0.17 9.60 -2.80 1.85 -0.09
1.51 26.80 0.33 0.16 9.64 -3.24 1.98 -0.18
1.53 26.85 0.36 0.19 9.59 -2.89 2.11 -0.08
1.55 26.70 0.32 0.18 9.67 -2.98 2.20 0.19
1.58 26.99 0.32 0.20 9.57 -2.89 2.11 0.10
1.60 26.99 0.31 0.17 9.60 -2.76 1.84 -0.05
1.62 26.80 0.30 0.22 9.62 -2.87 2.08 -0.25
1.65 26.85 0.31 0.18 9.62 -3.08 2.05 -0.11
1.67 26.80 0.34 0.15 9.61 -2.84 2.15 -0.06
1.69 26.70 0.34 0.21 9.60 -2.99 1.90 -0.21
1.71 26.70 0.31 0.19 9.60 -3.03 2.18 0.02
1.74 26.56 0.32 0.21 9.58 -2.92 2.09 -0.01
1.76 26.80 0.33 0.19 9.57 -3.05 1.84 0.08
1.78 26.85 0.36 0.21 9.58 -3.08 2.21 -0.02
1.80 26.85 0.35 0.17 9.59 -3.09 2.05 -0.02
1.83 26.65 0.33 0.20 9.61 -3.03 2.14 -0.10
1.85 26.99 0.33 0.21 9.60 -2.95 1.82 0.31
1.87 26.70 0.32 0.18 9.59 -3.04 2.24 -0.16
1.90 26.89 0.35 0.19 9.57 -3.01 2.04 0.02
1.92 26.56 0.32 0.18 9.62 -2.81 2.22 -0.04
1.94 26.85 0.33 0.16 9.60 -2.76 1.75 -0.20
1.96 26.70 0.31 0.18 9.56 -3.10 2.07 -0.08
1.99 26.99 0.35 0.19 9.62 -3.01 1.93 0.03
2.01 26.85 0.31 0.21 9.64 -3.07 2.11 0.16
2.03 26.56 0.32 0.18 9.58 -2.85 1.75 -0.05
2.05 26.99 0.29 0.21 9.62 -2.77 2.10 0.31
2.08 26.56 0.34 0.14 9.56 -2.92 2.09 -0.18
2.10 26.80 0.31 0.20 9.61 -2.87 1.87 -0.02
2.12 26.80 0.35 0.17 9.62 -2.96 2.04 0.17
2.14 26.80 0.32 0.18 9.59 -3.16 1.80 0.07
2.17 26.80 0.29 0.17 9.60 -3.21 2.28 -0.09
2.19 26.99 0.34 0.19 9.62 -2.77 2.04 -0.10
2.21 26.70 0.34 0.17 9.60 -2.93 1.74 0.16
2.24 26.85 0.32 0.15 9.63 -3.08 1.86 -0.05
2.26 26.80 0.30 0.17 9.61 -3.04 2.18 -0.02
2.28 26.80 0.32 0.18 9.55 -2.78 2.21 0.11
2.30 26.51 0.32 0.16 9.63 -2.86 1.76 0.08
2.33 26.80 0.31 0.15 9.57 -2.92 2.05 0.06
2.35 26.80 0.33 0.18 9.64 -3.01 1.92 0.29
2.37 26.89 0.34 0.20 9.57 -2.92 1.98 0.05
2.39 26.89 0.31 0.20 9.62 -3.25 2.14 0.02
2.41 26.80 0.33 0.23 9.60 -3.06 1.80 0.03
2.44 26.80 0.34 0.17 9.61 -2.95 2.04 -0.01
2.46 26.99 0.30 0.19 9.62 -3.14 2.00 0.07
2.48 26.85 0.36 0.23 9.64 -2.78 2.24 -0.20
2.51 26.85 0.31 0.18 9.65 -2.89 1.95 -0.16
2.53 26.80 0.31 0.19 9.61 -2.79 1.76 0.18
2.55 26.89 0.34 0.20 9.63 -3.33 2.24 0.10
2.57 26.56 0.32 0.17 9.56 -2.77 2.09 0.08
2.60 26.80 0.31 0.20 9.54 -2.60 2.09 -0.15
2.62 26.80 0.33 0.19 9.60 -2.91 2.05 0.10
2.64 26.80 0.33 0.22 9.56 -2.98 2.09 -0.24
2.66 26.51 0.32 0.16 9.58 -3.11 2.19 -0.14
2.69 26.70 0.31 0.14 9.66 -3.03 2.17 0.05
2.71 26.80 0.32 0.20 9.62 -2.83 2.02 -0.20
2.73 26.65 0.29 0.20 9.60 -2.88 1.82 -0.03
2.75 26.85 0.31 0.17 9.55 -2.95 2.16 -0.06
2.78 27.04 0.33 0.16 9.60 -2.94 2.09 -0.06
2.80 26.89 0.30 0.22 9.58 -2.85 1.92 0.11
2.82 26.99 0.31 0.15 9.63 -3.15 1.92 0.34
2.84 26.89 0.33 0.17 9.64 -3.14 2.16 -0.27
2.87 27.18 0.33 0.21 9.58 -2.66 2.01 0.23
2.89 26.80 0.31 0.23 9.56 -2.89 2.08 -0.02
2.91 26.56 0.33 0.19 9.64 -2.86 2.12 0.11
2.94 26.99 0.32 0.19 9.53 -2.77 2.21 -0.05
2.96 26.89 0.33 0.20 9.57 -3.13 1.85 -0.11
2.98 26.89 0.31 0.20 9.56 -3.08 1.96 -0.03
3.00 26.70 0.32 0.19 9.62 -2.88 2.21 0.09
3.03 26.99 0.33 0.19 9.62 -3.24 2.00 0.11
3.05 26.65 0.30 0.21 9.59 -2.71 1.88 0.15
3.07 26.85 0.39 0.20 9.63 -2.89 2.18 -0.07
3.09 26.65 0.36 0.22 9.62 -3.00 1.87 -0.15
3.12 26.89 0.32 0.21 9.61 -3.20 2.02 0.27
3.14 26.80 0.31 0.20 9.61 -3.22 2.25 -0.04
3.16 26.65 0.35 0.19 9.65 -3.02 2.08 0.07
3.18 26.89 0.34 0.22 9.58 -2.95 2.09 0.05
3.21 26.80 0.31 0.18 9.59 -2.94 2.08 0.25
3.23 26.85 0.32 0.19 9.64 -3.07 2.03 0.05
3.25 26.70 0.34 0.20 9.68 -3.07 1.93 -0.06
3.27 26.80 0.35 0.23 9.60 -2.92 1.73 0.04
3.30 26.89 0.34 0.21 9.62 -3.05 2.11 -0.26
3.32 26.80 0.33 0.22 9.58 -2.56 2.09 0.05
3.34 26.70 0.32 0.17 9.62 -3.15 1.95 -0.21
3.36 26.56 0.34 0.22 9.59 -2.99 1.75 -0.24
3.39 26.80 0.32 0.19 9.57 -3.10 2.08 -0.25
3.41 26.80 0.34 0.23 9.60 -3.31 2.02 -0.11
3.43 26.89 0.33 0.20 9.64 -2.98 2.16 -0.11
3.46 26.80 0.32 0.19 9.60 -3.03 2.27 -0.05
3.48 26.80 0.32 0.19 9.62 -2.85 2.09 0.15
3.50 26.70 0.29 0.20 9.58 -2.88 1.98 -0.08
3.52 26.85 0.32 0.19 9.62 -2.80 1.95 -0.15
3.55 26.89 0.33 0.19 9.60 -3.09 2.13 -0.04
3.57 26.89 0.32 0.20 9.61 -2.89 2.44 0.17
3.59 26.89 0.32 0.20 9.59 -2.80 2.27 0.09
3.61 26.85 0.34 0.22 9.65 -3.10 2.19 -0.08
3.64 26.89 0.32 0.20 9.60 -2.80 2.07 -0.12
3.66 26.99 0.31 0.19 9.53 -2.79 1.77 0.04
3.68 26.80 0.35 0.22 9.61 -3.09 2.07 0.06
3.71 26.80 0.32 0.20 9.64 -2.67 2.00 -0.08
3.73 26.85 0.30 0.21 9.57 -2.53 1.97 0.18
3.75 26.80 0.34 0.21 9.69 -2.98 1.92 0.16
3.77 26.80 0.31 0.20 9.58 -3.00 2.01 0.13
3.80 26.89 0.34 0.20 9.60 -2.99 2.02 -0.11
3.82 26.85 0.32 0.17 9.57 -3.18 1.96 0.29
3.84 26.80 0.32 0.22 9.59 -2.90 2.07 0.02
3.86 26.80 0.34 0.17 9.61 -2.67 1.89 -0.23
3.89 26.70 0.36 0.17 9.61 -3.20 1.96 -0.10
3.91 26.89 0.34 0.19 9.61 -2.93 1.97 -0.33
3.93 26.80 0.32 0.18 9.59 -2.85 1.97 -0.08
3.95 26.89 0.33 0.18 9.61 -2.79 2.21 -0.24
3.98 26.89 0.36 0.20 9.60 -2.88 2.18 0.01
4.00 26.70 0.33 0.21 9.63 -3.20 2.08 -0.43
4.02 26.85 0.33 0.19 9.67 -3.10 2.14 0.08
4.04 26.80 0.32 0.15 9.61 -3.27 1.89 0.22
4.07 26.65 0.33 0.16 9.65 -3.08 2.11 -0.34
4.09 26.89 0.33 0.20 9.61 -2.92 2.17 0.11
4.11 26.85 0.30 0.23 9.60 -3.02 2.20 0.08
4.13 26.89 0.31 0.21 9.55 -2.83 1.96 0.05
4.16 26.85 0.31 0.23 9.59 -2.81 1.96 0.11
4.18 26.80 0.32 0.20 9.55 -2.65 2.21 0.05
4.20 26.80 0.35 0.20 9.62 -2.80 2.10 0.11
4.23 26.89 0.34 0.19 9.61 -2.85 1.95 -0.16
4.25 26.89 0.29 0.18 9.56 -3.30 1.95 -0.07
4.27 26.70 0.32 0.16 9.64 -2.88 2.18 -0.06
4.29 26.80 0.33 0.18 9.59 -2.92 2.11 0.04
4.32 26.85 0.34 0.18 9.63 -3.03 2.06 -0.20
4.34 26.80 0.34 0.20 9.59 -2.94 1.95 0.18
4.36 26.56 0.32 0.23 9.61 -3.11 2.03 0.04
4.38 26.89 0.34 0.20 9.60 -3.30 2.29 -0.22
4.41 26.85 0.31 0.17 9.58 -3.06 2.27 0.18
4.43 26.85 0.34 0.17 9.60 -2.95 2.24 -0.10
4.45 26.70 0.30 0.16 9.62 -3.05 2.11 -0.18
4.47 26.85 0.34 0.20 9.55 -3.12 1.85 0.16
4.50 26.99 0.35 0.20 9.59 -3.18 2.11 -0.08
4.52 26.85 0.35 0.19 9.60 -3.17 2.11 0.08
4.54 26.89 0.29 0.19 9.60 -2.98 1.73 0.22
4.56 26.99 0.33 0.19 9.59 -3.18 2.11 -0.13
4.59 26.70 0.32 0.19 9.59 -2.81 2.01 -0.27
4.61 26.70 0.31 0.21 9.61 -2.77 1.80 0.05
4.63 26.85 0.33 0.18 9.63 -2.98 2.10 -0.25
4.66 26.89 0.33 0.19 9.63 -3.13 2.13 -0.11
4.68 26.89 0.34 0.19 9.59 -2.89 2.15 0.04
4.70 26.85 0.31 0.22 9.57 -2.89 2.27 -0.07
4.72 26.89 0.33 0.18 9.62 -3.03 1.79 -0.07
4.75 26.80 0.29 0.24 9.57 -3.11 2.18 -0.11
4.77 26.80 0.33 0.19 9.65 -2.91 2.04 -0.27
4.79 26.85 0.37 0.14 9.60 -2.94 2.16 -0.27
4.81 26.65 0.31 0.23 9.63 -2.82 2.04 0.11
4.84 26.51 0.30 0.17 9.60 -3.14 1.98 -0.02
4.86 26.80 0.31 0.17 9.60 -2.95 1.95 0.15
4.88 26.56 0.33 0.22 9.59 -2.87 2.10 -0.15
4.90 26.89 0.32 0.23 9.61 -2.87 2.23 0.00
4.93 26.99 0.31 0.20 9.60 -2.87 2.02 0.05
4.95 26.56 0.33 0.21 9.58 -3.24 2.07 0.08
4.97 27.04 0.34 0.20 9.58 -2.79 2.11 0.06
5.00 26.56 0.34 0.20 9.58 -3.02 1.86 0.36
5.02 26.85 0.34 0.17 9.53 -3.08 2.23 0.06
5.04 26.56 0.33 0.18 9.58 -3.24 2.06 -0.02
5.06 26.80 0.34 0.20 9.58 -3.08 1.96 -0.11
5.09 26.89 0.34 0.19 9.61 -2.92 2.15 0.18
5.11 26.85 0.32 0.20 9.60 -3.00 1.97 0.21
5.13 26.99 0.30 0.20 9.63 -3.18 2.06 -0.11
5.15 26.65 0.31 0.18 9.59 -2.72 2.21 0.05
5.18 26.65 0.35 0.21 9.59 -2.73 2.11 0.02
5.20 26.99 0.35 0.21 9.64 -2.95 2.08 -0.21
5.22 26.80 0.35 0.18 9.57 -2.76 2.30 -0.19
5.24 26.65 0.35 0.22 9.62 -3.07 1.89 0.16
5.26 26.70 0.36 0.18 9.60 -3.02 1.92 0.04
5.29 26.65 0.34 0.19 9.62 -3.06 2.11 0.14
5.31 26.85 0.29 0.21 9.62 -3.16 1.87 0.19
5.33 26.89 0.31 0.20 9.57 -3.18 2.07 -0.05
5.36 26.99 0.34 0.18 9.58 -2.98 2.00 0.00
5.38 26.80 0.34 0.23 9.63 -2.89 1.93 -0.12
5.40 26.80 0.30 0.17 9.59 -2.94 2.20 0.02
5.42 26.89 0.35 0.20 9.64 -3.00 1.85 -0.25
5.45 26.89 0.33 0.22 9.61 -2.90 2.06 0.15
5.47 26.89 0.35 0.21 9.66 -2.91 2.07 -0.08
5.49 26.65 0.32 0.18 9.60 -3.08 2.17 -0.09
5.51 26.65 0.35 0.17 9.58 -3.19 2.03 -0.14
5.54 27.04 0.31 0.19 9.62 -3.02 2.09 -0.18
5.56 26.85 0.33 0.19 9.59 -2.99 2.07 -0.02
5.58 26.65 0.32 0.17 9.61 -2.98 2.05 -0.15
5.61 26.85 0.35 0.21 9.65 -3.11 2.12 0.18
5.63 26.65 0.32 0.22 9.58 -3.08 2.00 -0.21
5.65 26.56 0.33 0.22 9.57 -2.66 2.18 -0.21
5.67 26.80 0.32 0.21 9.58 -3.05 2.26 0.13
5.70 26.80 0.29 0.18 9.58 -3.15 1.86 0.08
5.72 26.85 0.31 0.18 9.63 -3.04 2.18 0.33
5.74 26.89 0.34 0.18 9.60 -2.84 1.88 0.19
5.76 26.85 0.30 0.22 9.59 -2.84 2.08 -0.01
5.79 26.89 0.32 0.20 9.63 -2.98 1.92 -0.37
5.81 26.89 0.34 0.19 9.62 -3.14 2.21 0.00
5.83 26.80 0.34 0.20 9.66 -3.04 2.08 -0.19
5.85 26.85 0.34 0.19 9.58 -3.02 2.05 -0.06
5.88 26.89 0.29 0.20 9.62 -3.15 2.27 0.02
5.90 26.70 0.32 0.16 9.61 -2.97 2.12 -0.02
5.92 26.65 0.31 0.20 9.60 -3.05 1.98 -0.30
5.95 26.80 0.29 0.22 9.57 -2.85 2.12 -0.06
5.97 26.80 0.32 0.19 9.66 -3.20 1.87 0.15
5.99 26.85 0.32 0.19 9.56 -2.73 1.99 -0.03
6.01 26.80 0.34 0.16 9.58 -2.85 2.03 -0.15
6.04 26.65 0.32 0.17 9.59 -3.00 1.89 0.28
6.06 26.80 0.32 0.17 9.59 -2.92 2.11 -0.24
6.08 26.85 0.33 0.20 9.54 -2.78 2.08 -0.07
6.10 26.85 0.30 0.17 9.58 -2.89 1.76 0.10
6.13 26.80 0.34 0.19 9.60 -3.04 2.04 -0.21
6.15 26.80 0.29 0.13 9.63 -3.16 2.00 0.17
6.17 26.99 0.31 0.20 9.60 -2.99 1.70 0.05
6.19 26.80 0.32 0.21 9.61 -2.75 2.04 -0.03
6.22 26.80 0.34 0.20 9.55 -3.06 1.93 0.03
6.24 26.89 0.33 0.20 9.62 -3.08 1.91 0.00
6.26 26.70 0.29 0.22 9.63 -3.02 2.14 -0.02
6.28 27.09 0.33 0.22 9.59 -2.93 1.84 0.00
6.31 26.89 0.32 0.21 9.65 -3.06 1.67 -0.07
6.33 26.80 0.37 0.21 9.62 -2.90 2.08 -0.07
6.35 26.85 0.32 0.18 9.64 -3.03 2.18 -0.10
6.38 26.99 0.32 0.20 9.58 -3.14 2.05 -0.05
6.40 26.99 0.31 0.18 9.59 -2.68 2.02 -0.16
6.42 26.85 0.34 0.19 9.60 -3.17 2.27 -0.07
6.44 26.65 0.33 0.20 9.59 -3.26 1.95 -0.15
6.47 26.85 0.34 0.16 9.59 -2.92 2.04 -0.05
6.49 27.04 0.32 0.19 9.62 -2.86 1.97 0.15
6.51 27.04 0.33 0.19 9.54 -3.12 1.95 -0.19
6.53 26.65 0.33 0.19 9.59 -2.95 2.13 0.18
6.56 26.56 0.34 0.22 9.59 -2.90 1.79 -0.22
6.58 26.89 0.29 0.20 9.67 -2.89 2.09 0.20
6.60 26.80 0.28 0.17 9.59 -3.08 2.16 0.15
6.63 26.80 0.32 0.21 9.60 -2.69 1.96 0.01
6.65 26.85 0.34 0.22 9.63 -3.29 1.95 -0.12
6.67 26.65 0.32 0.20 9.62 -2.87 1.89 -0.12
6.69 26.89 0.34 0.20 9.57 -3.15 2.05 -0.06
6.72 26.70 0.35 0.21 9.54 -3.13 1.98 -0.03
6.74 26.80 0.35 0.17 9.58 -3.03 1.83 0.04
6.76 26.80 0.34 0.20 9.62 -2.92 2.08 0.22
6.78 26.56 0.31 0.18 9.58 -2.86 2.15 0.05
6.81 26.89 0.31 0.21 9.57 -2.63 2.17 -0.01
6.83 27.04 0.35 0.24 9.58 -2.97 2.09 0.00
6.85 26.80 0.33 0.18 9.58 -2.80 1.92 -0.08
6.87 26.56 0.34 0.19 9.63 -3.05 2.05 0.08
6.90 26.65 0.33 0.23 9.58 -3.17 1.95 -0.29
6.92 26.89 0.33 0.19 9.58 -2.84 2.02 0.00
6.94 26.99 0.34 0.17 9.61 -2.98 1.97 -0.11
6.97 26.89 0.31 0.19 9.64 -3.01 1.96 -0.04
6.99 26.37 0.36 0.21 9.62 -2.85 2.07 0.24
7.01 26.80 0.30 0.22 9.61 -2.86 2.28 -0.05
7.03 26.56 0.34 0.19 9.59 -2.89 1.99 -0.27
7.06 26.51 0.36 0.18 9.57 -2.98 2.07 -0.27
7.08 26.85 0.34 0.18 9.61 -3.37 2.01 -0.05
7.10 26.56 0.36 0.17 9.63 -3.20 1.90 0.03
7.12 26.65 0.33 0.19 9.59 -2.66 2.28 -0.05
7.15 26.89 0.31 0.17 9.57 -3.08 1.89 -0.10
7.17 26.70 0.33 0.19 9.64 -2.86 2.03 -0.03
7.19 26.80 0.30 0.16 9.58 -3.10 2.17 -0.05
7.22 26.80 0.35 0.21 9.59 -2.89 1.83 0.19
7.24 26.80 0.34 0.18 9.60 -3.07 1.96 -0.15
7.26 26.80 0.32 0.21 9.61 -3.00 2.07 -0.15
7.28 26.85 0.31 0.21 9.63 -3.05 1.96 -0.08
7.31 26.80 0.34 0.23 9.58 -2.97 2.07 0.06
7.33 26.80 0.33 0.20 9.60 -2.92 1.97 -0.24
7.35 26.65 0.32 0.17 9.57 -3.05 2.25 -0.01
7.37 26.99 0.34 0.20 9.57 -3.05 1.98 -0.17
7.40 26.80 0.31 0.20 9.58 -2.55 2.16 0.09
7.42 26.70 0.33 0.18 9.50 -2.85 1.76 0.27
7.44 26.89 0.33 0.23 9.54 -2.95 2.12 -0.16
7.46 26.80 0.30 0.15 9.56 -2.98 1.92 0.09
7.49 26.80 0.34 0.23 9.64 -3.00 2.09 -0.16
7.51 26.89 0.29 0.18 9.64 -3.17 2.31 -0.14
7.53 26.56 0.33 0.17 9.58 -3.16 1.92 -0.10
7.56 26.85 0.32 0.19 9.60 -2.78 1.82 -0.04
7.58 27.04 0.34 0.22 9.59 -3.22 1.98 -0.30
7.60 26.89 0.28 0.22 9.64 -3.19 1.95 0.05
7.62 26.80 0.34 0.20 9.58 -2.70 2.03 -0.06
7.65 26.85 0.34 0.17 9.63 -3.05 1.85 -0.12
7.67 26.89 0.33 0.23 9.59 -3.16 2.01 0.18
7.69 26.80 0.34 0.17 9.60 -3.05 2.14 -0.07
7.72 26.80 0.34 0.21 9.60 -2.97 2.15 -0.09
7.74 26.80 0.32 0.22 9.65 -3.08 2.12 -0.09
7.76 27.04 0.28 0.20 9.63 -3.05 2.03 -0.05
7.78 26.89 0.34 0.17 9.62 -2.90 2.11 0.13
7.80 26.70 0.34 0.18 9.58 -2.95 1.93 0.00
7.83 26.65 0.31 0.16 9.63 -2.92 1.95 -0.24
7.85 26.85 0.34 0.19 9.63 -3.28 1.93 -0.12
7.87 26.80 0.31 0.21 9.62 -2.76 2.11 -0.39
7.90 26.70 0.32 0.14 9.61 -2.98 1.74 -0.07
7.92 26.65 0.31 0.21 9.62 -2.98 1.94 -0.28
7.94 26.89 0.34 0.22 9.59 -2.82 2.20 -0.24
7.97 26.80 0.31 0.18 9.62 -2.92 2.27 -0.05
7.99 26.99 0.32 0.21 9.58 -2.79 2.02 -0.03
8.01 26.85 0.29 0.17 9.62 -2.90 1.82 -0.05
8.03 26.70 0.37 0.24 9.56 -2.92 2.27 0.16
8.06 26.99 0.30 0.19 9.61 -2.96 2.15 0.02
8.08 26.70 0.33 0.17 9.57 -3.08 2.10 -0.07
8.10 26.80 0.33 0.22 9.59 -2.79 2.10 -0.22
8.13 26.80 0.35 0.20 9.58 -2.67 2.07 0.25
8.15 26.80 0.34 0.18 9.62 -2.86 1.73 0.14
8.17 26.99 0.33 0.21 9.64 -3.05 2.15 -0.02
8.19 26.56 0.31 0.23 9.60 -2.90 2.33 0.01
8.22 26.89 0.35 0.17 9.56 -3.13 1.89 -0.06
8.24 26.89 0.32 0.19 9.64 -3.11 2.01 0.14
8.26 26.85 0.33 0.22 9.57 -3.22 2.06 -0.13
8.28 26.89 0.34 0.20 9.63 -3.38 1.91 0.05
8.31 26.56 0.30 0.19 9.51 -3.10 2.01 0.19
8.33 26.65 0.31 0.21 9.56 -2.93 2.09 -0.06
8.35 26.99 0.32 0.23 9.64 -3.00 2.15 -0.02
8.37 26.70 0.35 0.14 9.60 -3.08 2.06 -0.02
8.40 26.56 0.33 0.18 9.60 -2.86 2.11 -0.34
8.42 26.80 0.33 0.17 9.62 -2.98 1.88 -0.10
8.44 26.89 0.32 0.21 9.59 -2.78 1.76 0.02
8.46 26.85 0.31 0.18 9.62 -3.05 2.27 -0.07
8.49 26.99 0.33 0.22 9.60 -2.99 2.10 0.02
8.51 26.65 0.34 0.21 9.60 -2.80 2.24 -0.07
8.53 26.85 0.31 0.19 9.62 -3.08 2.03 -0.07
8.56 26.99 0.34 0.22 9.50 -3.31 2.24 -0.39
8.58 26.85 0.32 0.18 9.61 -2.89 2.02 -0.02
8.60 26.85 0.36 0.18 9.61 -2.98 1.99 -0.01
8.62 26.80 0.33 0.19 9.61 -3.07 2.35 0.17
8.65 26.80 0.32 0.20 9.56 -3.04 2.11 0.17
8.67 26.70 0.31 0.18 9.61 -2.85 2.11 -0.06
8.69 26.65 0.30 0.18 9.59 -3.11 2.15 -0.18
8.72 26.80 0.31 0.20 9.59 -2.92 1.82 0.00
8.74 26.85 0.33 0.15 9.64 -2.98 2.18 -0.25
8.76 26.70 0.31 0.17 9.57 -3.14 2.11 0.09
8.78 27.04 0.33 0.20 9.61 -2.92 2.02 0.00
8.80 26.85 0.33 0.16 9.60 -3.14 2.18 -0.14
8.83 26.70 0.28 0.18 9.56 -2.97 2.12 -0.08
8.85 26.80 0.35 0.20 9.58 -2.92 2.04 -0.02
8.87 26.51 0.30 0.17 9.58 -3.14 1.88 -0.18
8.90 27.04 0.32 0.19 9.60 -2.78 2.13 -0.16
8.92 26.99 0.31 0.20 9.58 -2.92 1.99 0.02
8.94 26.85 0.31 0.19 9.58 -3.18 1.99 0.08
8.96 27.04 0.34 0.20 9.63 -2.96 2.05 0.10
8.99 26.80 0.31 0.22 9.57 -3.06 2.15 -0.02
9.01 26.80 0.30 0.20 9.58 -3.03 2.07 -0.25
9.03 26.99 0.33 0.20 9.57 -3.08 2.24 -0.21
9.06 26.80 0.33 0.17 9.58 -3.05 2.21 -0.11
9.08 26.85 0.33 0.18 9.63 -2.98 1.97 -0.07
9.10 26.80 0.31 0.19 9.62 -2.73 2.00 -0.03
9.12 26.85 0.33 0.21 9.64 -3.13 1.87 0.18
9.15 27.04 0.33 0.18 9.62 -2.98 2.10 -0.17
9.17 26.85 0.34 0.19 9.60 -2.98 1.89 -0.24
9.19 26.51 0.34 0.18 9.57 -2.98 2.33 0.10
9.21 26.80 0.31 0.19 9.61 -3.26 2.02 0.21
9.24 26.99 0.32 0.19 9.61 -2.97 2.32 0.04
9.26 26.80 0.32 0.17 9.58 -3.21 2.15 0.15
9.28 26.65 0.34 0.22 9.62 -3.03 2.41 -0.01
9.30 26.89 0.32 0.22 9.58 -3.08 1.78 -0.11
9.33 26.51 0.34 0.18 9.55 -2.91 2.00 -0.05
9.35 26.65 0.28 0.21 9.58 -2.92 1.95 0.20
9.37 26.56 0.30 0.23 9.57 -2.91 2.04 -0.09
9.40 26.56 0.34 0.20 9.65 -3.05 2.21 0.01
9.42 26.85 0.35 0.19 9.59 -2.99 1.99 0.04
9.44 26.65 0.31 0.18 9.63 -2.96 2.05 0.01
9.46 26.80 0.31 0.18 9.54 -3.23 1.83 -0.05
9.48 27.18 0.34 0.18 9.57 -2.91 2.27 0.19
9.51 26.80 0.34 0.19 9.55 -2.89 1.98 0.11
9.53 26.65 0.33 0.19 9.54 -3.18 1.77 -0.04
9.55 26.65 0.31 0.21 9.60 -3.15 1.79 0.22
9.57 26.80 0.30 0.20 9.67 -2.97 2.21 0.10
9.60 26.85 0.37 0.19 9.63 -2.95 1.82 -0.09
9.62 26.85 0.35 0.20 9.57 -3.09 2.27 0.10
9.64 26.70 0.34 0.22 9.61 -2.90 1.97 0.21
9.66 26.80 0.31 0.20 9.60 -2.98 1.86 -0.01
9.69 26.89 0.33 0.19 9.59 -2.88 2.01 0.10
9.71 27.04 0.30 0.21 9.59 -3.05 1.88 0.00
9.73 26.70 0.32 0.17 9.63 -2.85 2.19 0.17
9.75 26.80 0.32 0.17 9.61 -2.80 1.81 -0.25
9.78 26.70 0.33 0.18 9.61 -2.98 2.18 0.10
9.80 26.99 0.34 0.18 9.61 -2.92 2.07 -0.24
9.82 26.56 0.31 0.17 9.59 -3.01 2.15 -0.33
9.85 26.85 0.33 0.22 9.66 -2.76 1.78 0.09
9.87 26.56 0.33 0.23 9.58 -3.04 1.79 0.02
9.89 27.04 0.33 0.21 9.63 -2.98 2.15 -0.32
9.91 26.99 0.31 0.21 9.60 -2.82 1.89 0.18
9.94 26.56 0.30 0.21 9.60 -3.29 1.97 -0.14
9.96 26.85 0.30 0.22 9.60 -3.37 1.96 0.11
9.98 26.80 0.34 0.18 9.63 -3.05 1.90 0.10
10.00 26.80 0.35 0.17 9.58 -2.89 2.00 -0.05
10.03 26.56 0.34 0.23 9.60 -3.11 1.89 0.08
10.05 26.85 0.31 0.19 9.67 -2.86 2.24 -0.35
10.07 26.80 0.33 0.19 9.60 -3.04 2.11 0.06
10.10 27.09 0.29 0.15 9.53 -2.89 2.05 0.10
10.12 26.99 0.32 0.20 9.61 -2.98 2.13 -0.21
10.14 26.80 0.32 0.22 9.60 -2.89 1.82 -0.05
10.17 26.65 0.33 0.22 9.57 -3.04 1.97 -0.15
10.19 26.89 0.31 0.20 9.62 -3.24 1.92 0.20
10.21 26.99 0.31 0.22 9.62 -2.92 2.05 0.07
10.23 26.80 0.35 0.20 9.63 -3.08 2.02 0.15
10.26 26.80 0.34 0.22 9.56 -3.30 2.12 -0.02
10.28 27.04 0.32 0.21 9.58 -2.81 2.02 0.01
10.30 26.89 0.32 0.21 9.62 -2.83 1.95 -0.20
10.33 26.89 0.33 0.19 9.64 -2.88 1.99 -0.38
10.35 26.80 0.33 0.19 9.59 -2.80 1.86 -0.15
10.37 26.85 0.35 0.19 9.58 -3.11 1.95 0.11
10.40 26.85 0.31 0.19 9.57 -3.11 1.82 0.09
10.42 26.89 0.33 0.17 9.63 -2.96 1.82 0.01
10.44 27.18 0.35 0.19 9.54 -2.87 1.95 -0.22
10.47 26.80 0.31 0.19 9.58 -2.92 2.13 0.15
10.49 26.89 0.34 0.19 9.62 -3.02 2.02 -0.03
10.51 26.80 0.31 0.18 9.58 -2.87 2.15 0.08
10.53 26.65 0.32 0.18 9.62 -2.73 2.15 0.03
10.56 26.80 0.33 0.18 9.61 -3.11 2.21 0.17
10.58 26.85 0.32 0.17 9.60 -2.94 2.15 -0.02
10.60 26.80 0.34 0.17 9.60 -2.98 1.74 0.02
10.63 26.80 0.37 0.21 9.61 -3.40 2.04 0.07
10.65 26.99 0.31 0.18 9.60 -3.18 2.24 -0.06
10.67 26.85 0.29 0.17 9.55 -3.11 2.14 0.04
10.70 26.89 0.36 0.21 9.56 -2.91 2.16 0.21
10.72 26.89 0.33 0.18 9.64 -3.05 1.96 0.19
10.74 26.80 0.32 0.19 9.63 -2.95 1.87 -0.07
10.77 26.56 0.33 0.17 9.62 -2.83 2.11 -0.09
10.79 26.80 0.34 0.14 9.60 -2.76 2.32 -0.13
10.81 26.70 0.34 0.21 9.59 -3.05 2.24 -0.02
10.84 26.65 0.34 0.20 9.62 -2.89 2.10 -0.06
10.86 26.80 0.35 0.18 9.60 -3.08 2.00 0.03
10.88 26.89 0.31 0.18 9.60 -3.25 1.76 -0.11
10.90 26.99 0.34 0.17 9.64 -2.97 2.08 -0.02
10.93 26.85 0.34 0.20 9.59 -3.04 1.91 0.01
10.95 26.89 0.33 0.19 9.58 -2.94 2.17 0.18
10.98 26.80 0.32 0.19 9.56 -2.95 1.99 -0.19
11.00 27.04 0.32 0.18 9.62 -3.27 1.92 -0.08
11.02 26.85 0.33 0.17 9.57 -3.06 2.09 0.24
11.04 26.80 0.34 0.16 9.58 -2.95 2.21 -0.09
11.07 26.65 0.32 0.21 9.58 -3.18 2.25 -0.12
11.09 26.89 0.34 0.21 9.64 -2.89 2.26 0.02
11.11 27.18 0.32 0.19 9.62 -3.17 2.08 0.27
11.14 26.80 0.33 0.21 9.59 -2.95 1.92 0.03
11.16 26.80 0.30 0.24 9.58 -3.13 1.98 0.02
11.18 26.85 0.34 0.21 9.59 -3.14 2.11 0.19
11.21 26.70 0.33 0.21 9.65 -2.80 2.07 0.05
11.23 26.80 0.31 0.23 9.56 -3.01 1.89 0.23
11.25 26.80 0.35 0.14 9.58 -2.97 2.15 -0.08
11.27 26.99 0.36 0.20 9.57 -2.82 2.08 -0.01
11.30 26.80 0.35 0.18 9.54 -2.93 2.05 0.16
11.32 26.65 0.32 0.16 9.59 -3.25 2.41 -0.05
11.34 26.56 0.34 0.21 9.57 -2.82 2.34 -0.10
11.37 26.65 0.31 0.18 9.60 -2.90 2.01 -0.17
11.39 26.80 0.36 0.20 9.57 -3.18 1.93 0.04
11.41 26.80 0.37 0.17 9.57 -2.92 1.92 0.01
11.44 26.85 0.33 0.19 9.59 -3.12 2.29 -0.19
11.46 26.56 0.33 0.20 9.57 -3.11 1.77 0.07
11.48 26.89 0.36 0.21 9.61 -3.03 1.86 0.02
11.51 26.65 0.34 0.17 9.57 -3.03 1.97 -0.13
11.53 26.80 0.34 0.17 9.58 -2.98 1.95 -0.32
11.55 26.80 0.34 0.17 9.62 -3.14 2.09 0.18
11.58 26.85 0.30 0.18 9.60 -2.78 1.72 -0.02
11.60 26.65 0.31 0.15 9.58 -2.97 2.21 -0.15
11.62 27.09 0.35 0.19 9.65 -3.13 2.08 -0.29
11.65 26.80 0.33 0.21 9.58 -2.98 1.82 0.21
11.67 26.80 0.34 0.18 9.55 -2.77 2.12 0.19
11.69 27.04 0.38 0.22 9.59 -2.92 1.85 0.22
11.71 26.85 0.32 0.20 9.64 -2.83 2.08 -0.39
11.74 26.89 0.33 0.17 9.62 -2.72 1.96 0.08
11.76 26.80 0.30 0.19 9.54 -2.99 1.84 -0.04
11.78 26.85 0.32 0.21 9.57 -2.88 1.85 -0.20
11.81 26.89 0.31 0.22 9.62 -3.18 2.03 -0.04
11.83 26.99 0.33 0.15 9.66 -2.93 2.19 -0.13
11.85 26.80 0.30 0.22 9.55 -3.07 2.00 -0.20
11.88 26.80 0.29 0.17 9.62 -2.91 2.04 0.09
11.90 26.89 0.34 0.20 9.61 -2.84 2.12 -0.08
11.92 26.89 0.31 0.22 9.61 -3.34 1.89 -0.05
11.95 26.65 0.33 0.21 9.59 -2.98 2.13 0.02
11.97 26.70 0.31 0.18 9.61 -2.76 2.18 -0.05
11.99 26.89 0.32 0.19 9.53 -3.01 2.15 -0.02
12.02 26.65 0.32 0.18 9.62 -3.15 2.10 -0.21
12.04 26.80 0.35 0.21 9.64 -3.16 1.98 -0.11
12.06 26.56 0.34 0.18 9.58 -3.02 1.93 0.01
12.09 26.80 0.34 0.17 9.61 -3.05 2.03 -0.02
12.11 26.56 0.33 0.18 9.62 -2.89 1.93 -0.04
12.13 26.80 0.30 0.18 9.61 -2.85 2.02 -0.56
12.16 26.89 0.32 0.17 9.62 -3.15 2.02 -0.36
12.18 26.85 0.31 0.20 9.59 -3.02 2.13 -0.26
12.20 26.99 0.35 0.19 9.61 -3.09 1.98 -0.18
12.23 26.85 0.34 0.22 9.65 -2.95 1.98 -0.88
12.25 26.80 0.37 0.23 9.55 -4.10 1.58 -2.47
12.27 26.80 0.29 0.21 9.63 -5.38 1.02 -2.37
12.30 26.85 0.20 0.22 9.70 -5.92 1.74 -3.37
12.32 26.85 0.29 0.17 9.56 -3.18 0.21 -3.98
12.34 26.89 0.28 0.13 9.52 -2.81 0.67 -5.38
12.37 26.80 0.28 0.17 9.64 -1.97 0.09 -5.84
12.39 26.56 0.53 0.09 9.58 -2.40 -0.51 -6.21
12.41 26.80 0.30 0.18 9.58 -1.76 -2.67 -3.40
12.44 26.80 0.05 0.40 9.62 -4.70 -11.62 -6.82
12.46 26.89 0.63 0.05 9.61 -8.28 -17.98 -8.83
12.49 26.80 0.53 0.10 9.64 -4.27 -21.85 -5.92
12.51 26.65 0.60 0.18 9.63 -3.89 -25.30 -4.37
12.54 26.56 0.78 0.05 9.63 -1.98 -25.58 -0.44
12.56 26.70 0.73 0.16 9.56 -1.40 -27.15 2.71
12.58 27.04 0.90 0.22 9.58 -1.98 -29.69 4.30
12.61 26.65 1.50 0.03 9.54 -3.06 -30.83 2.08
12.63 26.85 1.34 0.04 9.48 -1.34 -32.28 0.85
12.66 26.85 1.45 0.15 9.50 -2.69 -31.40 -2.41
12.68 26.80 1.61 0.16 9.48 -2.45 -27.82 -2.71
12.71 26.80 1.68 0.12 9.51 -3.18 -25.34 -4.57
12.73 26.80 1.57 0.05 9.56 -3.22 -23.73 -3.39
12.75 26.80 1.94 0.23 9.35 -4.25 -23.89 -1.95
12.78 26.80 1.86 0.30 9.37 -7.11 -24.31 -3.01
12.80 26.80 2.30 -0.04 9.35 -3.21 -25.79 -3.24
12.83 26.80 2.22 0.16 9.40 -4.34 -25.99 -2.69
12.85 26.89 2.30 -0.01 9.23 -5.40 -26.46 -3.24
12.88 26.80 2.49 0.23 9.30 -3.21 -27.10 -3.69
12.90 26.80 2.56 0.21 9.31 -3.84 -26.52 -4.83
12.93 26.70 2.62 0.51 9.16 -4.92 -25.73 -8.15
12.95 26.65 2.74 0.09 9.23 -3.02 -27.50 -5.98
12.98 26.80 2.84 0.27 9.24 -5.08 -27.85 -6.64
13.00 26.56 3.09 0.17 9.14 -6.31 -25.50 -9.90
13.02 26.65 3.20 0.11 9.07 -6.18 -24.44 -10.85
13.05 26.89 3.29 0.22 9.08 -6.39 -23.16 -12.24
13.07 26.65 3.38 0.11 9.09 -5.76 -23.94 -13.05
13.10 26.85 3.35 0.23 9.07 -8.10 -24.81 -10.35
13.12 26.80 3.43 0.20 9.13 -8.10 -26.66 -5.60
13.15 26.80 3.64 0.17 9.02 -5.31 -29.16 -2.69
13.17 26.99 3.84 0.02 8.89 -4.45 -30.23 -2.16
13.20 26.85 3.88 0.12 8.81 -3.72 -32.41 -2.85
13.22 26.80 4.05 0.06 8.83 -4.68 -36.15 -3.58
13.25 26.89 4.22 0.09 8.78 -5.79 -38.49 -5.89
13.27 26.89 4.40 0.10 8.71 -5.52 -38.86 -6.15
13.30 26.99 4.50 0.13 8.60 -6.22 -38.67 -3.99
13.32 26.99 4.68 0.06 8.53 -4.27 -38.36 -3.63
13.34 26.80 4.79 0.12 8.53 -5.08 -38.07 -4.82
13.37 26.80 4.98 0.14 8.41 -6.35 -38.01 -5.45
13.39 26.89 5.13 0.12 8.34 -4.31 -38.15 -4.65
13.42 26.65 5.24 0.14 8.26 -5.40 -38.70 -4.39
13.44 26.85 5.44 0.12 8.15 -4.29 -40.01 -5.08
13.47 26.80 5.50 0.13 8.08 -4.65 -41.05 -5.18
13.49 26.80 5.65 0.11 7.97 -5.22 -39.68 -5.59
13.52 26.85 5.70 0.14 7.99 -6.94 -39.96 -5.66
13.54 26.65 6.01 0.11 7.81 -8.13 -43.49 -5.72
13.56 26.70 6.26 0.08 7.61 -6.24 -45.69 -5.05
13.59 26.56 6.35 0.11 7.51 -5.32 -47.08 -3.74
13.61 26.89 6.50 0.17 7.36 -5.40 -46.16 -3.05
13.64 26.85 6.65 0.14 7.18 -5.09 -45.21 -2.60
13.66 26.80 6.77 0.15 7.12 -3.79 -42.50 -1.24
13.69 26.65 6.91 0.10 7.04 -5.78 -42.06 -2.88
13.71 26.85 7.04 0.18 6.94 -6.78 -41.35 -3.78
13.73 26.85 7.14 0.17 6.83 -6.59 -40.01 -3.49
13.76 26.80 7.30 0.14 6.59 -6.45 -39.70 -3.91
13.78 26.80 7.48 0.12 6.53 -5.71 -39.76 -5.48
13.81 26.70 7.59 0.20 6.31 -7.73 -39.12 -7.68
13.83 26.80 7.64 0.21 6.18 -8.92 -38.88 -7.54
13.86 26.80 7.80 0.23 6.05 -6.85 -39.21 -7.44
13.88 26.85 7.89 0.21 5.94 -6.75 -39.13 -8.37
13.91 26.80 8.01 0.15 5.93 -2.63 -38.28 -9.08
13.93 26.70 8.13 0.23 5.74 -7.99 -37.30 -12.56
13.96 26.51 8.13 0.28 5.63 -14.86 -38.47 -13.56
13.98 27.04 8.27 0.40 5.52 -11.34 -40.87 -10.03
14.01 26.80 8.35 0.42 5.15 -9.36 -44.02 -8.33
14.03 26.99 8.48 0.29 5.17 -3.67 -44.07 -6.26
14.06 26.85 8.60 0.37 4.92 0.47 -41.62 -5.65
14.08 26.99 8.73 0.46 4.77 -0.86 -38.50 -5.95
14.10 26.80 8.73 0.41 4.65 -2.06 -38.29 -1.55
14.13 26.70 8.90 0.47 4.52 -2.69 -36.69 -0.40
14.15 26.80 8.96 0.40 4.22 -10.79 -34.60 0.33
14.18 26.99 9.07 0.38 4.19 -14.66 -32.00 -1.11
14.20 26.85 9.09 0.29 4.24 -9.27 -29.29 -3.34
14.23 26.46 9.12 0.35 3.91 -5.99 -29.08 -1.86
14.25 26.85 9.18 0.39 3.93 -4.13 -28.74 -1.08
14.27 26.85 9.28 0.36 3.80 -4.11 -28.60 -1.15
14.30 26.80 9.23 0.40 3.61 -1.42 -28.31 -0.50
14.32 26.85 9.35 0.51 3.61 -7.21 -27.46 -0.24
14.35 26.80 9.37 0.43 3.29 -14.77 -28.05 -0.57
14.37 26.89 9.49 0.35 3.43 -13.31 -29.89 -0.22
14.40 26.56 9.51 0.25 3.44 -8.25 -30.85 -0.64
14.42 26.99 9.53 0.41 2.96 -4.31 -31.65 -0.58
14.45 26.56 9.60 0.38 3.02 -11.84 -31.15 0.12
14.47 26.85 9.60 0.20 2.98 -1.01 -32.22 -0.54
14.50 26.99 9.67 0.42 2.57 3.82 -32.11 -0.13
14.52 26.80 9.78 0.36 2.56 1.07 -31.19 1.03
14.54 26.51 9.78 0.27 2.57 4.89 -30.57 0.70
14.57 26.56 9.77 0.38 2.27 5.70 -29.75 1.63
14.59 26.65 9.86 0.39 2.16 8.34 -28.79 2.02
14.61 26.65 9.89 0.38 2.14 7.57 -27.50 1.39
14.64 26.80 9.92 0.39 1.92 10.75 -26.09 1.47
14.66 26.70 9.93 0.45 1.77 6.03 -24.73 2.42
14.69 26.85 9.99 0.36 1.69 3.96 -23.46 2.67
14.71 26.89 9.97 0.40 1.71 8.42 -21.69 3.45
14.73 26.51 9.98 0.51 1.41 3.85 -20.15 4.72
14.75 26.85 10.02 0.40 1.50 -2.82 -18.71 5.44
14.78 26.65 10.01 0.32 1.37 0.18 -17.07 5.49
14.80 26.65 10.07 0.33 1.25 1.37 -16.01 5.66
14.83 26.80 10.03 0.34 1.18 1.02 -14.90 5.69
14.85 26.89 10.04 0.20 1.27 6.97 -15.33 5.73
14.88 26.80 10.07 0.37 0.99 7.80 -14.94 6.04
14.90 26.80 10.07 0.34 0.92 -1.37 -13.55 6.66
14.92 26.89 10.16 0.22 0.93 -1.08 -14.17 4.88
14.95 26.65 10.10 0.25 0.85 -1.19 -13.73 3.01
14.97 26.99 10.09 0.19 0.77 -1.39 -12.14 2.56
15.00 26.80 10.06 0.18 0.74 0.57 -12.32 1.06
15.02 26.80 10.11 0.25 0.73 -0.27 -11.32 -0.22
15.05 26.80 10.10 0.19 0.61 -1.53 -10.09 -1.22
15.07 26.80 10.14 0.19 0.60 -1.47 -9.76 -1.15
15.09 26.56 10.14 0.24 0.46 -0.36 -9.18 -1.14
15.12 26.80 10.10 0.22 0.51 0.01 -8.18 0.03
15.14 26.51 10.13 0.32 0.45 0.12 -9.03 0.12
15.17 26.65 10.10 0.22 0.39 0.72 -9.45 0.69
15.19 26.85 10.15 0.23 0.36 0.81 -10.08 1.11
15.21 26.89 10.13 0.25 0.29 -1.03 -9.11 0.95
15.24 26.85 10.17 0.18 0.22 -1.40 -9.18 1.05
15.26 26.80 10.14 0.22 0.23 -0.82 -8.84 1.43
15.28 26.85 10.15 0.17 0.21 -0.15 -8.29 0.48
15.31 26.56 10.16 0.22 0.14 -0.46 -8.16 0.11
15.33 26.80 10.14 0.21 0.08 -1.37 -8.30 -0.29
15.36 26.80 10.17 0.20 0.01 -1.70 -8.23 -0.47
15.38 26.80 10.17 0.27 0.03 -1.76 -7.41 -0.21
15.41 27.04 10.18 0.23 -0.05 -1.85 -7.53 0.14
15.43 26.89 10.16 0.19 -0.09 -1.91 -7.29 0.21
15.46 26.89 10.15 0.24 -0.12 -1.90 -7.26 0.19
15.48 26.80 10.20 0.16 -0.12 -2.19 -7.80 0.19
15.50 26.56 10.21 0.22 -0.19 -2.37 -7.71 -0.18
15.53 26.80 10.17 0.23 -0.18 -3.00 -6.87 0.12
15.55 26.89 10.14 0.17 -0.24 -2.50 -5.73 0.08
15.58 26.65 10.13 0.21 -0.27 -2.40 -4.06 -0.23
15.60 27.04 10.16 0.17 -0.30 -2.53 -3.21 0.11
15.63 26.80 10.21 0.20 -0.35 -2.28 -2.98 0.45
15.65 26.56 10.17 0.21 -0.35 -3.15 -2.05 0.96
15.68 26.80 10.16 0.23 -0.38 -3.15 -2.17 1.15
15.70 26.99 10.21 0.17 -0.38 -2.85 -2.39 1.08
15.73 26.70 10.20 0.16 -0.41 -3.56 -1.75 0.90
15.75 26.85 10.17 0.17 -0.43 -3.13 -1.67 -0.13
15.77 26.65 10.18 0.22 -0.44 -3.28 -0.81 -0.15
15.80 26.70 10.18 0.22 -0.43 -2.69 0.15 -0.17
15.82 26.85 10.17 0.17 -0.55 -3.02 2.21 0.02
15.85 26.89 10.21 0.22 -0.44 -2.94 2.67 -0.17
15.87 26.56 10.18 0.17 -0.46 -3.09 3.56 0.01
15.90 26.70 10.15 0.19 -0.44 -3.37 4.43 0.24
15.92 27.04 10.17 0.15 -0.41 -3.27 3.84 -0.08
15.94 26.89 10.14 0.19 -0.45 -3.03 1.58 0.06
15.97 27.04 10.15 0.17 -0.42 -2.95 -0.23 0.00
15.99 26.85 10.15 0.27 -0.48 -3.08 -0.23 -0.22
16.02 26.99 10.16 0.19 -0.48 -2.80 0.70 -0.05
16.04 26.80 10.20 0.20 -0.40 -2.94 1.91 -0.22
16.07 26.80 10.17 0.19 -0.42 -3.05 2.61 -0.02
16.09 26.85 10.19 0.17 -0.47 -3.14 2.34 -0.21
16.11 26.80 10.17 0.18 -0.48 -2.81 2.98 -0.13
16.14 26.70 10.17 0.19 -0.47 -3.01 2.73 -0.31
16.16 26.99 10.15 0.19 -0.42 -2.79 2.77 -0.05
16.19 26.80 10.20 0.19 -0.46 -3.13 3.13 0.46
16.21 26.80 10.14 0.21 -0.45 -2.70 2.31 -0.08
16.24 26.85 10.14 0.15 -0.42 -2.61 1.82 0.09
16.26 27.09 10.16 0.15 -0.41 -3.05 1.63 -0.40
16.28 26.89 10.14 0.19 -0.37 -2.83 1.49 0.02
16.31 26.80 10.13 0.19 -0.44 -3.03 0.62 0.02
16.33 26.70 10.16 0.21 -0.46 -2.95 0.14 -0.20
16.36 26.80 10.17 0.21 -0.49 -3.09 0.06 0.28
16.38 26.89 10.18 0.17 -0.48 -2.95 0.47 -0.07
16.41 26.80 10.19 0.22 -0.44 -2.95 0.97 -0.16
16.43 26.80 10.18 0.15 -0.49 -3.00 0.79 -0.23
16.45 26.85 10.17 0.25 -0.46 -3.11 1.50 -0.01
16.48 26.85 10.15 0.23 -0.47 -2.95 1.75 0.01
16.50 26.89 10.17 0.21 -0.46 -2.95 2.23 0.06
16.53 26.89 10.15 0.22 -0.47 -2.92 2.43 -0.16
16.55 26.80 10.17 0.20 -0.48 -2.98 2.37 -0.27
16.58 26.99 10.15 0.18 -0.48 -3.31 2.49 0.05
16.60 26.99 10.17 0.19 -0.48 -2.98 2.63 0.11
16.62 26.70 10.19 0.23 -0.52 -2.69 2.76 -0.14
16.65 26.80 10.17 0.18 -0.48 -2.83 2.43 -0.27
16.67 26.99 10.16 0.21 -0.45 -3.05 2.53 -0.04
16.70 26.85 10.15 0.20 -0.48 -3.19 2.22 0.04
16.72 26.80 10.15 0.19 -0.50 -3.13 2.08 0.11
16.75 26.85 10.15 0.15 -0.44 -4.40 2.32 0.10
16.77 26.85 10.15 0.22 -0.47 -4.87 2.58 0.11
16.79 26.56 10.18 0.16 -0.44 -3.42 2.45 -0.19
16.82 26.80 10.16 0.20 -0.47 -3.53 2.12 -0.04
16.84 26.89 10.16 0.18 -0.45 -3.98 2.23 0.05
16.87 27.04 10.15 0.22 -0.49 -3.66 2.51 -0.11
16.89 26.80 10.16 0.16 -0.46 -3.45 2.50 0.08
16.91 26.80 10.15 0.22 -0.42 -3.33 2.48 0.11
16.94 26.56 10.18 0.20 -0.45 -3.91 2.40 0.05
16.96 26.80 10.17 0.16 -0.48 -3.83 2.61 -0.06
16.99 26.89 10.15 0.16 -0.41 -3.44 2.68 -0.18
17.01 26.85 10.15 0.20 -0.43 -3.02 2.52 -0.08
17.04 26.89 10.18 0.24 -0.45 -3.26 2.78 0.05
17.06 26.80 10.16 0.20 -0.43 -2.99 3.03 0.07
17.08 26.65 10.15 0.17 -0.40 -3.02 2.72 -0.18
17.11 26.89 10.19 0.17 -0.44 -2.95 2.37 -0.27
17.13 26.85 10.18 0.18 -0.41 -2.98 2.71 0.08
17.16 26.85 10.20 0.15 -0.49 -3.41 2.40 -0.07
17.18 26.80 10.15 0.20 -0.48 -3.44 2.41 -0.15
17.20 26.51 10.18 0.22 -0.48 -3.53 2.68 0.00
17.23 26.99 10.18 0.16 -0.45 -3.79 2.21 -0.16
17.25 26.89 10.15 0.18 -0.40 -3.07 2.45 -0.02
17.28 26.99 10.18 0.25 -0.44 -2.99 2.64 0.13
17.30 26.80 10.15 0.24 -0.40 -2.82 2.53 -0.17
17.33 26.89 10.17 0.23 -0.46 -3.15 2.33 0.05
17.35 26.65 10.15 0.18 -0.41 -3.12 2.60 0.05
17.37 26.80 10.18 0.20 -0.41 -3.27 2.27 -0.18
17.40 26.80 10.14 0.17 -0.41 -3.09 2.47 -0.29
17.42 26.80 10.19 0.22 -0.40 -3.08 2.47 -0.09
17.45 26.85 10.18 0.20 -0.44 -3.09 2.24 -0.23
17.47 26.70 10.15 0.18 -0.44 -3.32 2.00 0.09
17.50 26.85 10.15 0.20 -0.42 -3.19 2.30 0.02
17.52 26.85 10.16 0.19 -0.40 -3.00 2.76 -0.15
17.54 26.80 10.17 0.21 -0.42 -2.69 4.15 -0.27
17.57 26.65 10.21 0.20 -0.40 -2.64 5.99 -0.82
17.59 26.65 10.15 0.06 -0.56 0.28 8.59 -1.66
17.62 26.56 10.26 0.27 -0.35 -0.89 11.20 -0.87
17.64 26.80 10.20 0.25 -0.27 -2.97 15.44 -0.18
17.67 26.99 10.17 0.23 -0.28 -3.37 18.72 -0.29
17.69 26.89 10.17 0.23 -0.14 -3.49 20.65 -0.22
17.72 26.85 10.15 0.19 -0.06 -3.31 21.36 0.28
17.74 26.80 10.17 0.22 -0.01 -4.05 22.25 0.38
17.77 26.89 10.15 0.18 0.11 -4.23 23.29 0.44
17.79 26.56 10.19 0.24 0.18 -3.85 24.53 0.15
17.81 26.89 10.18 0.19 0.28 -4.16 26.38 0.82
17.84 26.85 10.12 0.16 0.37 -3.18 28.04 -0.08
17.86 26.85 10.12 0.20 0.47 -3.06 30.13 -0.26
17.89 26.80 10.14 0.21 0.58 -2.69 31.05 -1.34
17.91 26.80 10.10 0.15 0.74 -1.76 31.59 -1.89
17.93 26.89 10.11 0.22 0.86 -1.71 31.48 -2.14
17.96 26.80 10.08 0.24 0.96 -2.76 31.45 -1.37
17.98 27.04 10.06 0.24 1.08 -2.69 31.02 -1.06
18.01 26.89 10.05 0.18 1.25 -2.24 31.64 -0.79
18.03 26.80 10.04 0.24 1.30 -2.20 33.17 -0.83
18.06 26.85 10.02 0.24 1.49 -2.56 35.66 -0.18
18.08 26.80 10.00 0.26 1.56 -2.34 37.25 0.30
18.11 26.65 9.94 0.23 1.72 -0.93 38.29 0.36
18.13 26.89 9.91 0.24 1.85 0.07 40.14 1.39
18.15 26.80 9.89 0.18 2.00 2.07 42.14 2.00
18.17 26.80 9.86 0.21 2.19 2.81 43.73 2.37
18.20 26.80 9.79 0.15 2.31 5.51 45.44 2.09
18.22 26.85 9.73 0.22 2.53 5.58 46.66 1.27
18.24 26.80 9.69 0.23 2.69 4.67 49.34 0.82
18.27 26.65 9.61 0.19 2.92 6.07 51.07 0.72
18.29 26.85 9.54 0.17 3.02 7.58 52.34 1.74
18.31 26.85 9.48 0.31 3.34 9.11 52.22 2.28
18.33 26.70 9.44 0.26 3.46 6.21 53.92 3.11
18.36 26.89 9.39 0.24 3.58 4.68 52.99 4.01
18.38 26.89 9.29 0.28 3.75 3.55 53.50 4.30
18.40 26.85 9.19 0.31 3.90 6.70 52.63 4.15
18.43 26.70 9.07 0.30 4.15 6.69 50.22 4.05
18.45 26.85 9.01 0.46 4.36 -4.04 49.90 1.60
18.47 26.99 8.87 0.16 4.60 -11.02 48.17 0.44
18.50 26.85 8.81 0.20 4.66 -6.71 45.48 1.11
18.52 26.80 8.76 0.16 4.80 -1.52 44.15 1.82
18.54 26.56 8.63 0.12 4.93 5.67 43.90 2.49
18.57 26.80 8.53 0.25 5.13 0.66 42.80 2.82
18.59 26.89 8.52 0.10 5.14 0.37 42.68 2.05
18.61 26.56 8.41 0.16 5.36 2.03 43.84 3.10
18.63 26.99 8.33 0.20 5.41 1.18 45.98 3.92
18.66 26.80 8.13 0.24 5.65 1.34 46.12 3.72
18.68 26.89 8.05 0.27 5.82 3.33 44.37 3.72
18.70 26.89 7.97 0.24 5.88 -0.21 44.27 3.00
18.73 26.65 7.81 0.15 6.12 0.68 43.15 2.90
18.75 26.70 7.80 0.13 6.13 1.86 43.34 2.01
18.77 26.80 7.66 0.30 6.27 2.24 43.63 1.09
18.80 26.65 7.50 0.12 6.45 -5.99 42.11 -0.02
18.82 26.80 7.39 0.13 6.58 -3.56 38.25 -1.22
18.84 26.56 7.35 0.13 6.72 -4.81 35.52 -2.36
18.87 26.80 7.31 0.09 6.79 -0.07 38.44 -0.89
18.89 26.70 7.11 0.21 6.81 -3.21 38.56 -0.50
18.92 26.89 7.07 0.22 6.93 -3.82 37.89 -0.82
18.94 26.80 6.93 0.07 6.90 -2.11 37.98 -1.39
18.96 26.89 6.78 0.21 7.19 -9.24 40.96 -2.38
18.99 26.85 6.61 -0.06 7.36 -6.66 44.62 -1.65
19.01 26.85 6.46 -0.01 7.38 -3.84 44.66 -0.76
19.04 26.99 6.47 0.20 7.45 -7.89 43.31 -2.27
19.06 26.80 6.28 0.06 7.50 -3.71 40.82 -2.47
19.08 26.80 6.34 0.28 7.54 -4.91 36.00 -1.65
19.11 26.56 5.88 0.27 7.93 -5.52 38.05 -0.63
19.13 26.80 6.21 0.14 7.65 -0.92 39.12 2.26
19.15 26.89 5.75 0.16 7.89 -3.53 34.07 -0.51
19.18 26.99 5.84 0.13 7.90 -2.00 30.10 -1.41
19.20 26.70 5.65 0.29 8.03 -3.55 28.03 -1.59
19.23 26.65 5.50 0.07 8.14 -4.56 27.23 -1.90
19.25 27.04 5.33 0.08 8.17 -2.29 26.89 -0.28
19.27 26.89 5.13 0.13 8.26 -1.31 25.99 0.80
19.30 26.85 5.22 0.12 8.25 -2.49 25.31 0.22
19.32 26.80 5.23 0.15 8.31 -4.41 27.60 -0.82
19.34 26.80 5.01 -0.05 8.39 -5.70 33.22 -2.32
19.37 26.89 4.96 0.21 8.39 -2.35 37.11 -1.56
19.39 26.65 5.03 0.19 8.35 -6.34 36.96 -3.65
19.42 26.85 4.64 -0.01 8.50 -4.37 30.92 -3.83
19.44 26.56 4.58 -0.03 8.61 -4.29 26.90 -4.32
19.47 26.85 4.62 0.03 8.57 -3.01 26.31 -2.21
19.49 26.80 4.46 0.12 8.72 -3.36 28.60 -1.32
19.51 26.85 4.20 0.10 8.74 -3.08 28.71 -0.85
19.54 26.80 4.02 0.34 8.89 -1.83 26.30 -0.82
19.56 26.80 4.04 0.17 8.81 -4.15 27.18 -2.06
19.59 26.80 4.01 0.21 8.90 -3.66 28.29 -0.18
19.61 27.04 3.94 0.16 8.84 -2.27 30.24 3.32
19.63 26.85 3.81 0.12 8.96 0.26 29.71 5.36
19.66 26.80 3.71 0.27 8.99 -2.06 27.15 4.89
19.68 26.56 3.70 0.16 8.95 -0.90 29.28 3.86
19.70 26.80 3.56 0.18 9.10 -3.35 30.63 1.91
19.73 26.85 3.48 0.14 9.02 -2.24 31.56 2.19
19.75 26.56 3.30 0.18 9.03 -2.35 30.57 1.40
19.77 26.80 3.23 0.13 9.13 -3.08 27.68 0.53
19.80 26.80 3.14 0.16 9.14 -3.02 25.21 1.20
19.82 26.89 3.11 0.11 9.13 -2.32 25.02 1.34
19.84 26.56 3.11 0.05 9.22 -1.69 25.94 1.28
19.87 26.85 2.78 0.17 9.33 -4.35 24.76 -2.01
19.89 26.65 2.66 0.27 9.29 -4.24 23.84 -3.43
19.91 26.99 2.72 0.20 9.33 -3.05 24.12 -0.63
19.94 26.80 2.62 0.15 9.36 -1.42 23.26 2.31
19.96 26.99 2.50 0.17 9.32 -0.58 22.19 2.02
19.98 26.85 2.47 0.13 9.42 0.09 21.76 2.45
20.01 26.89 2.41 0.20 9.35 -2.24 21.89 0.61
20.03 26.80 2.32 0.16 9.34 -3.06 22.81 -0.08
20.06 26.85 2.26 0.08 9.46 -0.95 23.55 2.92
20.08 26.80 2.18 0.16 9.35 -2.14 24.37 3.13
20.10 26.80 2.12 0.19 9.41 -5.68 23.59 0.93
20.13 26.89 2.03 0.11 9.47 -3.73 22.47 1.16
20.15 26.56 1.96 0.06 9.50 -3.74 20.13 1.44
20.17 26.89 2.01 -0.05 9.47 -3.73 19.19 1.61
20.20 26.80 1.86 0.05 9.46 -2.04 20.00 3.35
20.22 26.80 1.62 0.08 9.56 -2.23 20.83 4.35
20.24 26.85 1.49 0.28 9.48 -1.92 20.95 5.32
20.27 26.80 1.46 0.27 9.56 -1.36 20.50 6.06
20.29 26.89 1.40 0.13 9.60 -0.86 19.09 6.13
20.31 26.89 1.46 0.13 9.53 -0.15 18.91 7.99
20.34 26.65 1.41 0.16 9.59 -2.38 18.85 8.34
20.36 26.80 1.23 0.11 9.51 -1.62 17.65 8.41
20.38 26.85 1.29 0.09 9.65 -3.28 17.02 6.38
20.41 26.85 1.18 0.07 9.59 -3.10 18.15 6.15
20.43 26.89 1.09 0.19 9.63 -2.91 18.68 4.68
20.45 26.85 0.95 0.20 9.56 -3.64 18.21 2.04
20.48 26.80 0.93 0.13 9.56 -2.85 18.63 1.19
20.50 26.70 0.85 0.11 9.59 -3.21 18.99 0.53
20.52 26.80 0.71 0.20 9.60 -2.74 19.82 0.26
20.55 26.80 0.69 0.20 9.56 -2.76 18.85 -0.57
20.57 27.04 0.66 0.17 9.58 -3.54 18.13 -1.50
20.59 26.99 0.54 0.19 9.57 -3.24 17.46 -1.37
20.62 26.80 0.36 -0.03 9.74 5.92 9.86 1.32
20.64 26.70 0.51 0.27 9.66 2.98 4.53 0.76
20.67 27.04 0.59 0.29 9.56 0.25 3.55 -0.66
20.69 26.70 0.54 0.22 9.66 0.09 3.34 -0.35
20.71 26.80 0.54 0.26 9.56 0.60 3.66 -0.55
20.73 26.85 0.54 0.27 9.63 3.63 4.35 0.48
20.75 26.89 0.54 0.24 9.63 5.36 4.94 0.74
20.78 26.89 0.52 0.38 9.58 4.79 5.49 1.37
20.80 26.89 0.54 0.32 9.55 4.95 6.11 1.40
20.82 26.56 0.46 0.36 9.62 6.22 7.01 1.23
20.84 26.65 0.45 0.46 9.54 3.43 7.06 -0.30
20.87 26.85 0.38 0.49 9.58 2.25 6.71 -1.57
20.89 26.89 0.48 0.45 9.61 3.92 7.08 -2.18
20.91 26.80 0.45 0.44 9.77 8.18 8.11 -1.40
20.94 26.80 0.31 0.57 9.55 9.50 9.20 -1.69
20.96 26.80 0.13 1.35 8.22 -39.69 10.68 -2.17
20.98 26.85 0.94 -1.16 11.70 -18.08 2.00 -1.27
21.01 26.99 0.36 0.21 9.58 -5.78 2.08 -0.29
21.03 26.99 0.29 0.21 9.66 -5.27 2.18 0.17
21.05 26.85 0.32 0.22 9.61 -4.45 1.90 0.41
21.08 26.56 0.33 0.20 9.64 -3.76 2.33 -0.11
21.10 26.65 0.32 0.21 9.60 -3.31 2.15 0.05
21.12 26.80 0.35 0.21 9.57 -3.08 2.01 -0.02
21.15 27.04 0.34 0.20 9.59 -2.91 2.24 0.07
21.17 26.99 0.32 0.22 9.66 -2.83 1.95 0.31
21.19 26.70 0.30 0.23 9.61 -3.19 1.97 0.18
21.22 26.99 0.32 0.17 9.64 -2.92 2.13 0.07
21.24 26.70 0.34 0.21 9.57 -2.89 2.13 -0.05
21.26 26.70 0.31 0.19 9.62 -2.88 2.26 0.04
21.28 26.80 0.30 0.19 9.57 -2.95 2.06 0.05
21.31 27.04 0.32 0.17 9.58 -2.96 1.94 -0.21
21.33 27.04 0.33 0.18 9.57 -2.92 2.12 0.18
21.35 26.80 0.33 0.18 9.64 -2.96 2.29 0.02
21.38 26.65 0.33 0.24 9.57 -2.85 2.05 -0.03
21.40 26.85 0.35 0.22 9.62 -2.81 2.13 0.39
21.42 26.70 0.34 0.22 9.53 -2.80 2.18 -0.22
21.45 26.85 0.33 0.22 9.59 -2.86 2.02 -0.10
21.47 26.80 0.32 0.20 9.59 -3.14 2.16 -0.02
21.49 26.89 0.29 0.24 9.58 -2.95 2.08 0.36
21.52 26.85 0.31 0.23 9.58 -2.91 2.22 -0.05
21.54 26.99 0.32 0.21 9.60 -3.02 2.30 -0.02
21.56 26.99 0.33 0.19 9.64 -3.10 2.29 -0.04
21.59 26.85 0.31 0.19 9.57 -2.79 2.17 -0.04
21.61 27.04 0.34 0.17 9.54 -2.76 2.02 0.00
21.63 26.80 0.31 0.18 9.58 -3.24 2.29 -0.03
21.66 26.65 0.30 0.22 9.59 -3.31 2.00 -0.08
21.68 26.80 0.33 0.19 9.57 -2.85 2.11 0.20
21.70 26.80 0.35 0.20 9.58 -3.06 2.06 -0.08
21.73 26.70 0.33 0.19 9.60 -3.01 2.11 0.02
21.75 26.80 0.34 0.23 9.61 -2.88 1.98 0.11
21.77 26.80 0.33 0.22 9.61 -2.97 2.23 -0.02
21.79 26.80 0.31 0.20 9.52 -2.96 2.09 -0.18
21.82 26.80 0.30 0.21 9.55 -2.99 1.87 -0.03
21.84 26.80 0.29 0.20 9.59 -2.87 2.10 -0.03
21.87 26.65 0.35 0.20 9.60 -2.79 2.18 -0.16
21.89 27.04 0.35 0.17 9.60 -3.06 2.29 -0.03
21.91 26.70 0.33 0.19 9.57 -3.13 2.11 -0.11
21.94 26.80 0.33 0.19 9.60 -2.98 2.10 0.04
21.96 26.70 0.28 0.21 9.56 -2.81 2.21 -0.08
21.98 26.89 0.37 0.20 9.62 -2.76 2.22 0.02
22.00 26.80 0.33 0.21 9.57 -2.69 2.19 -0.29
22.03 26.80 0.32 0.18 9.63 -3.02 1.71 0.05
22.05 26.80 0.29 0.21 9.62 -3.05 1.93 0.00
22.07 26.80 0.34 0.22 9.55 -3.08 1.98 0.05
22.10 26.80 0.31 0.23 9.61 -3.05 2.11 -0.08
22.12 26.65 0.34 0.18 9.61 -2.63 2.20 -0.11
22.14 26.89 0.32 0.20 9.62 -3.04 1.78 0.11
22.17 26.85 0.33 0.22 9.61 -2.98 2.05 0.21
22.19 26.65 0.30 0.22 9.56 -2.77 1.85 -0.06
22.21 26.85 0.34 0.22 9.59 -3.01 2.16 0.00
22.24 26.80 0.34 0.21 9.61 -2.95 1.84 0.35
22.26 26.99 0.28 0.23 9.61 -3.18 1.89 0.03
22.28 26.51 0.31 0.20 9.60 -2.73 1.93 0.08
22.30 26.65 0.32 0.20 9.68 -3.11 1.88 0.09
22.33 26.65 0.30 0.21 9.62 -2.79 1.98 -0.01
22.35 26.80 0.32 0.21 9.54 -2.96 1.98 0.28
22.37 26.99 0.35 0.21 9.58 -2.91 1.90 -0.05
22.40 26.56 0.32 0.20 9.64 -2.96 2.17 -0.15
22.42 26.80 0.34 0.20 9.60 -3.05 2.27 -0.12
22.44 26.85 0.26 0.21 9.62 -2.79 1.94 0.15
22.47 26.80 0.32 0.19 9.61 -2.74 1.71 -0.10
22.49 26.80 0.35 0.19 9.60 -2.94 2.18 -0.23
22.51 26.80 0.30 0.20 9.63 -3.09 1.98 0.08
22.54 26.85 0.32 0.21 9.60 -3.05 1.99 -0.02
22.56 26.56 0.32 0.20 9.60 -3.00 2.01 0.05
22.58 26.80 0.32 0.21 9.57 -2.96 1.93 0.02
22.60 26.80 0.33 0.23 9.64 -2.68 2.19 -0.03
22.63 26.85 0.33 0.21 9.62 -2.95 1.95 -0.09
22.65 26.80 0.32 0.21 9.62 -2.90 2.31 -0.02
22.68 26.89 0.32 0.20 9.62 -2.86 2.06 0.03
22.70 26.80 0.34 0.18 9.63 -3.08 1.61 0.24
22.72 26.89 0.32 0.20 9.58 -3.12 2.03 -0.11
22.75 26.70 0.30 0.24 9.59 -3.33 2.12 0.37
22.77 26.80 0.29 0.22 9.57 -3.08 1.63 0.02
22.79 26.85 0.30 0.17 9.59 -3.10 1.85 0.06
22.81 26.80 0.34 0.20 9.67 -3.10 2.07 -0.18
22.84 26.85 0.29 0.22 9.60 -3.45 1.82 -0.05
22.86 26.80 0.33 0.21 9.62 -3.68 1.72 -1.42
22.88 26.85 0.29 0.22 9.60 -3.16 1.77 -2.02
22.91 26.85 0.32 0.23 9.62 -3.25 1.98 -2.08
22.93 26.80 0.35 0.23 9.58 -3.12 2.06 -1.04
22.95 26.89 0.31 0.18 9.56 -3.22 1.78 -0.98
22.98 26.70 0.33 0.22 9.56 -3.22 1.96 -2.51
23.00 26.56 0.34 0.18 9.58 -3.42 1.47 -3.20
23.02 26.80 0.33 0.22 9.58 -3.15 1.20 -3.92
23.05 26.56 0.34 0.20 9.64 -2.98 0.72 -3.24
23.07 26.80 0.32 0.16 9.59 -2.82 -0.76 -3.76
23.09 26.89 0.34 0.23 9.63 -2.04 -2.39 -3.24
23.12 26.65 0.31 0.20 9.56 -2.26 -5.31 -4.27
23.14 26.80 0.22 0.22 9.64 -3.39 -10.11 -6.72
23.17 26.99 0.14 0.24 9.61 -3.89 -17.34 -8.45
23.19 26.85 0.59 0.24 9.65 -0.28 -24.14 -5.46
23.22 26.80 0.81 0.23 9.62 1.49 -26.30 -3.25
23.24 26.85 0.87 0.12 9.64 -2.49 -30.06 -3.99
23.26 26.80 0.84 0.28 9.58 -1.31 -36.78 -6.22
23.29 26.70 1.03 0.20 9.65 1.62 -41.50 -5.27
23.31 26.46 1.25 0.24 9.63 -0.41 -46.98 -5.26
23.34 26.89 1.56 0.35 9.44 -4.41 -48.31 -5.67
23.36 26.80 1.59 0.32 9.51 -9.46 -49.73 -3.27
23.39 26.51 1.85 0.21 9.47 1.00 -46.85 1.24
23.41 26.85 2.13 0.10 9.58 5.52 -43.21 4.31
23.43 26.65 2.22 0.29 9.41 1.21 -44.21 4.28
23.46 26.51 2.40 0.37 9.40 -5.80 -46.13 1.92
23.48 26.65 2.61 0.34 9.24 -3.61 -45.16 4.50
23.50 26.89 2.79 0.34 9.22 -1.66 -45.53 6.96
23.53 26.85 3.26 0.21 9.19 -0.12 -47.47 4.27
23.55 26.80 3.41 0.32 9.09 1.42 -49.01 4.20
23.57 26.99 3.42 0.31 9.06 -3.97 -51.03 1.74
23.60 26.70 3.69 0.30 8.94 -4.61 -53.21 0.95
23.62 26.99 3.86 0.24 8.95 -2.99 -54.36 0.66
23.65 27.18 4.04 0.29 8.82 -1.65 -53.85 -0.60
23.67 26.99 4.29 0.25 8.80 0.98 -53.02 -1.31
23.70 26.89 4.45 0.44 8.53 -2.93 -53.00 -2.73
23.72 26.70 4.65 0.17 8.68 -9.26 -54.83 -3.15
23.74 26.80 4.83 0.34 8.49 -5.20 -57.16 -1.96
23.77 26.65 5.09 0.24 8.32 -4.79 -58.71 -2.15
23.79 26.80 5.31 0.28 8.21 -4.25 -58.07 -1.18
23.82 26.56 5.54 0.36 8.02 -10.06 -58.53 -0.22
23.84 26.65 5.79 0.23 7.90 -7.96 -58.79 -1.09
23.87 26.65 5.97 0.26 7.81 -3.80 -58.90 -0.79
23.89 26.85 6.18 0.18 7.67 -4.18 -59.82 -1.66
23.92 26.80 6.38 0.25 7.47 -4.14 -60.83 -2.18
23.94 26.65 6.59 0.32 7.25 -7.33 -60.54 -2.30
23.96 26.85 6.76 0.32 7.10 -10.79 -57.36 -2.85
23.99 26.56 6.97 0.26 7.04 -15.24 -55.27 -3.55
24.01 26.51 7.13 0.22 6.87 -18.53 -55.88 -4.43
24.04 26.99 7.32 0.21 6.64 -11.57 -55.60 -3.77
24.06 26.89 7.52 0.19 6.46 -8.34 -53.23 -3.50
24.09 26.65 7.65 0.17 6.28 -7.12 -48.80 -4.32
24.11 26.65 7.78 0.22 6.11 -8.20 -48.73 -4.44
24.14 26.70 7.86 0.15 5.98 -6.66 -49.81 -3.32
24.16 26.65 8.02 0.20 5.75 -9.70 -50.05 -4.27
24.19 26.85 8.12 0.12 5.65 -6.86 -47.98 -3.69
24.21 26.89 8.34 0.21 5.48 -7.27 -47.16 -4.69
24.24 26.89 8.44 0.20 5.25 -8.61 -46.75 -5.89
24.26 26.80 8.52 0.16 5.15 -10.02 -46.00 -6.50
24.29 26.80 8.63 0.17 4.97 -9.39 -44.98 -7.47
24.31 26.85 8.74 0.17 4.80 -8.96 -44.45 -8.08
24.33 26.85 8.85 0.22 4.61 -3.50 -42.47 -7.62
24.36 26.99 8.92 0.19 4.44 -2.46 -42.32 -6.79
24.38 26.80 9.03 0.30 4.29 0.24 -40.50 -5.86
24.41 26.51 9.07 0.27 4.19 0.28 -39.07 -4.54
24.43 26.80 9.15 0.41 3.93 -2.58 -39.07 -3.56
24.46 26.65 9.22 0.41 3.77 -5.51 -38.71 -2.09
24.48 26.89 9.30 0.30 3.76 -3.73 -39.20 -1.28
24.50 26.89 9.35 0.36 3.49 -4.65 -38.31 -0.10
24.53 26.99 9.45 0.39 3.35 -3.80 -36.96 1.66
24.55 26.65 9.50 0.40 3.27 -4.18 -35.14 2.78
24.58 27.18 9.58 0.27 3.14 -0.03 -33.70 1.98
24.60 26.70 9.60 0.37 2.89 -1.08 -33.32 2.69
24.62 26.51 9.67 0.34 2.80 -3.43 -32.58 2.81
24.65 26.85 9.69 0.31 2.68 -4.53 -31.38 2.73
24.67 26.65 9.72 0.33 2.55 -3.82 -31.08 2.62
24.70 26.99 9.77 0.30 2.36 -2.93 -30.82 1.98
24.72 26.80 9.80 0.26 2.30 -2.89 -30.69 0.44
24.74 26.89 9.84 0.34 2.14 -1.15 -30.40 -0.18
24.77 26.89 9.90 0.33 1.98 -3.80 -28.76 0.56
24.79 26.80 9.89 0.29 1.88 -3.79 -27.99 1.64
24.82 26.80 9.93 0.29 1.76 -3.76 -27.34 2.18
24.84 26.85 9.95 0.28 1.70 -2.40 -26.23 2.31
24.86 26.89 9.93 0.26 1.56 -1.69 -25.43 2.26
24.89 26.99 10.03 0.26 1.42 -2.44 -23.35 2.30
24.91 26.80 10.03 0.25 1.44 -2.89 -20.70 1.92
24.94 26.80 10.08 0.26 1.26 -1.89 -18.67 1.15
24.96 26.85 10.11 0.25 1.23 -2.35 -16.90 1.50
24.99 26.80 10.05 0.29 1.12 -2.36 -14.64 1.47
25.01 26.80 10.09 0.25 1.05 -2.66 -13.05 0.97
25.03 26.56 10.07 0.23 1.00 -2.75 -11.86 0.59
25.06 26.65 10.11 0.22 0.91 -2.79 -10.68 0.12
25.08 26.99 10.13 0.26 0.92 -2.21 -9.83 0.50
25.11 26.85 10.12 0.25 0.80 -2.57 -9.51 0.55
25.13 26.89 10.09 0.26 0.76 -2.77 -9.52 0.68
25.15 26.85 10.15 0.27 0.71 -2.67 -9.26 0.95
25.18 26.89 10.13 0.25 0.69 -2.67 -9.81 0.91
25.20 26.85 10.12 0.24 0.61 -2.56 -9.55 0.57
25.23 26.80 10.11 0.23 0.59 -2.70 -8.97 0.12
25.25 26.80 10.13 0.23 0.54 -2.63 -8.91 -0.08
25.27 26.56 10.18 0.23 0.54 -2.76 -7.66 -0.11
25.30 26.80 10.13 0.23 0.48 -2.24 -6.07 0.11
25.32 26.80 10.12 0.23 0.38 -2.46 -4.89 0.89
25.35 26.80 10.15 0.21 0.38 -2.77 -3.85 1.09
25.37 26.85 10.16 0.23 0.40 -2.60 -3.27 0.57
25.40 26.65 10.15 0.20 0.34 -3.04 -3.63 0.10
25.42 26.65 10.16 0.23 0.33 -2.66 -3.86 0.02
25.44 26.89 10.15 0.24 0.40 -2.13 -4.89 -0.02
25.47 26.85 10.16 0.24 0.28 -2.86 -4.08 0.08
25.49 26.85 10.17 0.17 0.26 -2.98 -4.17 0.07
25.52 26.65 10.17 0.23 0.25 -2.63 -4.18 -0.70
25.54 26.65 10.17 0.21 0.19 -2.79 -3.79 -0.12
25.56 26.80 10.16 0.23 0.18 -2.84 -3.02 0.15
25.59 26.80 10.15 0.24 0.10 -2.62 -2.89 0.24
25.61 26.65 10.17 0.22 0.15 -2.72 -2.63 0.11
25.64 26.89 10.14 0.19 0.13 -2.58 -1.92 0.44
25.66 26.80 10.12 0.23 0.11 -2.72 -2.11 0.18
25.68 26.70 10.15 0.21 0.04 -2.60 -2.55 0.13
25.71 26.99 10.15 0.23 0.08 -2.31 -2.75 0.34
25.73 26.80 10.13 0.23 0.05 -2.88 -2.32 0.03
25.76 26.70 10.15 0.21 0.03 -2.60 -2.60 0.22
25.78 26.80 10.15 0.21 0.00 -3.22 -2.21 0.12
25.80 26.80 10.12 0.22 0.03 -2.71 -2.05 0.31
25.83 26.99 10.16 0.22 -0.01 -2.36 -2.06 -0.08
25.85 26.80 10.18 0.18 -0.03 -2.11 -1.85 0.17
25.88 26.85 10.14 0.23 -0.12 -2.41 -2.32 -0.07
25.90 26.85 10.17 0.25 -0.06 -2.80 -2.12 0.40
25.93 26.56 10.19 0.19 -0.02 -3.08 -1.77 0.15
25.95 26.89 10.16 0.26 -0.12 -2.62 -1.78 -0.67
25.97 26.80 10.14 0.26 -0.09 -2.60 -1.16 -0.20
26.00 26.89 10.19 0.22 -0.11 -2.75 -0.70 0.15
26.02 26.89 10.11 0.24 -0.13 -2.60 -0.94 0.27
26.05 26.99 10.15 0.20 -0.12 -2.85 -0.85 0.25
26.07 26.80 10.20 0.23 -0.17 -2.61 -1.08 0.24
26.10 26.80 10.20 0.21 -0.18 -2.95 -0.98 0.27
26.12 26.80 10.17 0.21 -0.15 -2.59 -1.68 0.09
26.15 26.85 10.17 0.20 -0.20 -2.58 -1.61 -0.08
26.17 26.70 10.18 0.24 -0.18 -2.81 -1.01 -0.62
26.20 26.85 10.19 0.24 -0.23 -2.59 -0.91 -0.18
26.22 26.80 10.16 0.27 -0.28 -2.69 -0.43 -0.47
26.25 26.89 10.12 0.23 -0.26 -2.52 -0.93 -0.49
26.27 26.80 10.16 0.22 -0.28 -2.19 -1.02 -0.21
26.30 26.80 10.18 0.24 -0.29 -2.56 -0.53 0.01
26.32 26.80 10.18 0.20 -0.31 -2.77 -0.60 0.05
26.35 26.80 10.17 0.23 -0.31 -2.63 -1.07 0.27
26.37 26.85 10.17 0.21 -0.31 -2.39 -1.50 0.42
26.39 26.80 10.21 0.22 -0.35 -3.12 -0.69 0.21
26.42 26.80 10.21 0.23 -0.38 -3.19 0.08 0.69
26.44 26.80 10.17 0.22 -0.32 -3.15 0.07 0.18
26.47 26.80 10.14 0.22 -0.32 -3.14 -0.16 0.04
26.49 26.85 10.13 0.22 -0.36 -3.37 -0.41 -0.03
26.52 26.65 10.19 0.23 -0.39 -3.31 -0.94 0.15
26.54 26.85 10.16 0.23 -0.37 -3.18 -1.44 0.42
26.56 26.70 10.18 0.17 -0.42 -3.28 -0.85 0.90
26.59 26.80 10.17 0.23 -0.36 -3.29 -0.50 1.22
26.61 26.80 10.14 0.22 -0.46 -3.34 -0.50 1.15
26.64 26.56 10.23 0.20 -0.42 -3.45 -0.21 0.46
26.66 26.80 10.14 0.16 -0.48 -3.02 0.63 0.18
26.69 26.80 10.15 0.20 -0.51 -3.53 1.60 -0.17
26.71 26.80 10.16 0.20 -0.44 -3.87 1.53 -0.21
26.74 26.85 10.16 0.20 -0.46 -3.69 1.44 -0.22
26.76 26.70 10.12 0.20 -0.45 -3.38 1.60 0.18
26.78 26.85 10.17 0.18 -0.44 -3.80 1.77 0.18
26.81 26.89 10.18 0.23 -0.47 -4.12 1.79 -0.20
26.83 26.85 10.14 0.18 -0.43 -4.58 2.31 0.06
26.86 26.70 10.13 0.22 -0.46 -3.61 2.27 -0.27
26.88 26.80 10.17 0.21 -0.42 -3.98 2.69 -0.11
26.90 26.85 10.18 0.21 -0.47 -4.31 3.27 -0.11
26.93 26.80 10.14 0.20 -0.45 -3.77 3.32 -0.40
26.95 26.80 10.17 0.21 -0.47 -3.50 3.24 -0.42
26.98 26.80 10.15 0.22 -0.47 -3.47 3.12 -0.32
27.00 26.99 10.17 0.20 -0.41 -3.56 3.16 -0.15
27.03 26.99 10.16 0.17 -0.45 -3.63 3.11 0.00
27.05 26.85 10.20 0.22 -0.46 -3.53 2.98 0.39
27.07 26.89 10.14 0.22 -0.44 -3.24 3.21 0.55
27.10 26.80 10.18 0.22 -0.42 -2.74 2.96 0.25
27.12 26.85 10.17 0.17 -0.39 -2.90 2.96 -0.47
27.15 26.89 10.21 0.20 -0.49 -3.16 2.82 -0.07
27.17 26.65 10.13 0.19 -0.47 -3.15 2.11 -0.17
27.20 26.80 10.18 0.19 -0.40 -2.89 2.21 0.06
27.22 26.80 10.14 0.23 -0.42 -2.90 2.52 -0.55
27.25 26.70 10.18 0.20 -0.43 -2.97 2.43 -0.18
27.27 26.70 10.12 0.22 -0.47 -3.05 2.15 0.23
27.29 26.80 10.15 0.23 -0.44 -3.02 2.15 0.13
27.32 26.85 10.19 0.18 -0.40 -2.79 2.19 0.11
27.34 26.99 10.18 0.20 -0.39 -3.11 2.24 0.23
27.36 26.85 10.19 0.19 -0.41 -2.88 2.94 -0.15
27.39 27.04 10.19 0.17 -0.45 -3.05 3.14 -0.29
27.41 26.80 10.19 0.19 -0.41 -3.08 3.68 -0.46
27.44 26.80 10.19 0.22 -0.40 -2.98 3.48 -0.51
27.46 26.80 10.16 0.21 -0.43 -2.95 3.55 -0.47
27.49 26.99 10.19 0.23 -0.40 -3.08 3.35 -0.18
27.51 26.89 10.14 0.21 -0.38 -2.94 3.46 -0.66
27.54 26.80 10.18 0.17 -0.37 -2.95 3.87 -0.47
27.56 26.80 10.17 0.22 -0.38 -3.08 4.28 -0.58
27.58 26.70 10.18 0.21 -0.38 -3.08 4.37 -0.53
27.61 26.70 10.18 0.23 -0.34 -3.03 5.40 -0.24
27.63 26.85 10.20 0.19 -0.37 -3.14 6.74 -0.42
27.66 26.65 10.18 0.23 -0.31 -3.27 8.08 -0.60
27.68 26.99 10.15 0.24 -0.31 -4.32 9.94 -1.39
27.71 26.85 10.22 0.24 -0.30 -6.58 11.27 -0.67
27.73 26.89 10.17 0.26 -0.14 -10.94 13.52 0.27
27.76 27.04 10.21 0.20 -0.11 -14.19 16.78 -0.12
27.78 26.99 10.16 0.16 -0.08 -8.25 18.56 -0.09
27.81 26.85 10.18 0.16 0.02 -3.97 19.34 -0.62
27.83 26.89 10.14 0.20 0.05 -3.23 20.03 0.01
27.86 26.80 10.13 0.21 0.17 -2.38 20.02 -0.12
27.88 26.80 10.15 0.25 0.22 -2.76 20.27 -0.12
27.90 26.56 10.16 0.22 0.33 -2.63 20.94 0.10
27.93 26.51 10.17 0.21 0.40 -2.56 21.51 -0.59
27.95 26.85 10.11 0.20 0.42 -2.18 22.66 -0.67
27.98 26.70 10.10 0.23 0.54 -2.12 24.34 -0.48
28.00 26.70 10.15 0.22 0.62 -1.76 26.27 -0.56
28.03 26.89 10.14 0.25 0.73 -1.67 28.55 -0.19
28.05 26.85 10.12 0.19 0.88 -1.11 30.57 -0.51
28.08 26.65 10.11 0.21 0.97 -0.57 33.32 -1.54
28.10 26.89 10.06 0.22 1.10 0.02 35.56 -2.01
28.12 26.85 10.07 0.22 1.29 1.20 37.84 -1.78
28.15 26.65 9.98 0.25 1.37 1.81 40.08 -1.60
28.17 26.80 10.00 0.29 1.51 -0.26 41.48 -1.54
28.19 26.89 9.94 0.29 1.73 -3.38 42.80 -1.13
28.22 26.56 9.92 0.28 1.93 -3.95 43.40 -0.12
28.24 26.70 9.87 0.30 2.04 -3.59 45.32 1.31
28.27 26.89 9.83 0.22 2.25 -2.78 46.64 2.18
28.29 26.80 9.81 0.28 2.43 -0.77 48.48 1.72
28.31 26.70 9.77 0.21 2.61 0.07 50.83 1.38
28.34 26.70 9.64 0.22 2.74 -1.93 52.63 0.82
28.36 26.70 9.62 0.21 2.99 -0.39 53.84 0.23
28.38 26.99 9.51 0.29 3.19 -4.50 56.02 -0.46
28.41 26.80 9.46 0.24 3.33 -6.53 56.61 -1.55
28.43 26.85 9.31 0.23 3.57 -4.80 55.92 -1.39
28.45 26.80 9.26 0.24 3.78 -3.73 54.43 -0.84
28.48 26.85 9.18 0.27 3.97 -3.53 53.70 -0.60
28.50 26.89 9.06 0.22 4.16 -7.87 53.02 -0.65
28.53 26.65 8.97 0.18 4.29 -6.59 51.84 -0.02
28.55 26.80 8.86 0.12 4.53 -3.81 51.37 0.17
28.57 26.99 8.74 0.21 4.75 -1.63 49.92 0.49
28.60 26.51 8.69 0.20 4.87 -0.74 48.90 0.76
28.62 26.70 8.59 0.22 4.94 -2.85 49.76 1.12
28.64 26.89 8.52 0.20 5.17 -3.12 51.77 1.46
28.67 26.85 8.40 0.19 5.38 -1.03 53.34 1.39
28.69 27.04 8.27 0.25 5.55 -2.25 55.25 1.04
28.71 26.70 8.12 0.19 5.65 -2.79 56.85 0.62
28.74 26.80 7.97 0.14 5.87 -3.87 56.63 -0.51
28.76 26.89 7.86 0.17 6.02 -3.98 56.63 -1.00
28.79 26.70 7.69 0.21 6.21 -5.11 56.37 -1.57
28.81 26.80 7.53 0.21 6.39 -6.11 55.08 -2.77
28.83 26.80 7.41 0.15 6.53 -3.99 54.07 -1.71
28.86 27.09 7.26 0.21 6.65 -3.89 55.40 -1.76
28.88 26.80 7.09 0.22 6.79 -5.65 55.02 -1.47
28.90 26.70 6.97 0.15 7.02 -3.14 54.34 -0.81
28.93 26.85 6.82 0.18 7.15 -2.89 53.63 -0.34
28.95 26.80 6.64 0.19 7.27 -2.62 52.57 0.39
28.98 26.80 6.53 0.14 7.36 -1.53 55.44 1.34
29.00 26.56 6.35 0.09 7.46 -1.44 57.73 2.11
29.02 26.56 6.11 0.24 7.67 -0.65 57.37 1.37
29.05 26.80 5.99 0.18 7.70 -2.21 57.27 0.74
29.07 26.65 5.86 0.22 7.85 -2.92 56.62 0.95
29.09 26.99 5.51 0.10 8.10 -1.02 53.34 0.88
29.12 26.85 5.52 0.10 8.07 4.73 49.54 1.38
29.14 26.80 5.27 0.22 8.17 6.79 46.43 0.34
29.16 26.56 5.09 0.16 8.31 -3.72 41.50 -0.38
29.19 26.85 5.10 0.21 8.29 -4.63 38.63 -1.34
29.21 26.56 4.74 0.12 8.58 -2.47 35.68 -0.44
29.23 26.80 4.64 0.28 8.67 -4.92 34.67 1.39
29.26 26.85 4.66 0.26 8.55 -5.89 36.22 0.79
29.28 26.89 4.56 0.07 8.74 -9.86 35.56 0.48
29.30 26.89 4.29 0.23 8.76 -4.66 35.80 0.82
29.33 26.85 4.31 0.06 8.68 -3.37 36.28 1.36
29.35 26.89 4.11 0.27 8.78 -2.56 36.11 1.35
29.37 26.70 3.98 0.12 8.81 -5.19 32.79 -1.09
29.40 26.80 3.76 0.20 8.95 -2.56 32.32 0.96
29.42 26.51 3.94 0.02 8.88 -0.53 34.41 3.02
29.45 26.85 3.54 0.17 9.08 -1.90 33.98 3.19
29.47 26.85 3.40 0.32 9.11 -1.94 33.60 3.24
29.49 26.85 3.30 0.03 9.12 -1.08 33.78 3.77
29.52 27.04 3.26 0.16 9.09 -1.83 32.04 1.97
29.54 26.99 3.11 0.20 9.16 -3.27 31.82 1.46
29.56 26.85 3.15 0.17 9.18 -3.37 31.25 1.71
29.59 26.99 2.99 0.11 9.19 -3.91 30.46 1.81
29.61 26.80 2.86 0.15 9.23 -3.20 28.51 2.27
29.63 26.80 2.76 0.15 9.33 -1.87 26.18 3.24
29.66 26.89 2.72 0.14 9.29 -0.01 26.77 5.40
29.68 26.65 2.56 0.20 9.32 -1.93 26.34 4.63
29.70 26.70 2.49 0.10 9.33 -2.61 26.79 3.60
29.73 26.70 2.46 0.14 9.36 -2.12 27.73 2.44
29.75 26.85 2.27 0.17 9.39 -4.11 27.52 1.93
29.77 26.85 2.28 0.12 9.41 -4.82 26.96 1.66
29.80 26.89 1.94 0.20 9.43 -4.23 24.59 1.23
29.82 26.65 2.04 0.08 9.42 -1.80 23.49 2.45
29.84 26.65 1.89 0.10 9.48 -1.32 23.07 3.08
29.87 26.70 1.81 0.19 9.45 -3.54 22.29 0.79
29.89 26.89 1.75 0.13 9.52 -2.95 22.61 0.34
29.91 26.65 1.68 0.12 9.51 -2.98 22.80 -0.27
29.94 26.80 1.65 0.12 9.51 -3.05 21.76 -0.84
29.96 26.80 1.49 0.11 9.54 -2.96 20.07 -0.21
29.98 26.80 1.50 0.10 9.55 -2.21 20.23 0.77
30.01 26.80 1.38 0.13 9.58 -3.17 18.85 0.94
30.03 26.65 1.32 0.10 9.56 -2.82 17.50 0.58
30.06 26.85 1.26 0.14 9.55 -2.76 16.18 0.37
30.08 26.89 1.26 0.14 9.56 -3.36 16.34 0.74
30.10 26.56 1.24 0.07 9.56 -2.96 16.84 1.88
30.13 26.85 1.08 0.11 9.54 -3.05 16.72 2.08
30.15 26.80 0.99 0.14 9.58 -2.43 15.81 1.64
30.17 26.70 0.93 0.11 9.57 -2.54 14.21 1.94
30.20 26.65 0.96 0.10 9.64 -2.43 12.93 1.65
30.22 26.85 0.95 0.12 9.53 -2.16 12.41 2.79
30.24 26.70 0.84 0.13 9.58 -2.49 11.44 2.75
30.27 26.80 0.84 0.16 9.59 -2.71 12.09 2.76
30.29 26.80 0.85 0.07 9.57 -3.13 12.10 2.62
30.31 26.80 0.81 0.11 9.55 -3.03 13.18 1.81
30.34 26.80 0.78 0.12 9.64 -2.53 14.46 0.93
30.36 26.89 0.63 0.12 9.63 -2.31 15.27 -0.21
30.38 26.80 0.37 0.18 9.60 -2.12 13.76 1.68
30.41 26.80 0.23 0.24 9.65 1.38 8.64 1.86
30.43 26.80 0.54 0.21 9.59 -0.83 3.80 0.11
30.45 26.99 0.55 0.19 9.62 -4.08 2.19 -0.77
30.48 26.51 0.52 0.18 9.61 -3.16 2.64 -1.03
30.50 26.99 0.54 0.14 9.68 -2.05 3.05 -0.50
30.52 26.80 0.54 0.07 9.62 0.44 4.34 -0.54
30.54 26.70 0.49 0.17 9.62 3.87 6.44 -1.03
30.57 26.80 0.50 0.25 9.57 3.08 6.08 -0.35
30.59 26.85 0.49 0.24 9.58 0.44 5.60 -0.56
30.61 26.65 0.45 0.24 9.61 0.56 5.44 -0.76
30.64 26.89 0.45 0.27 9.58 0.78 5.22 -0.55
30.66 26.80 0.38 0.26 9.62 2.60 5.39 -0.56
30.68 26.80 0.45 0.24 9.64 6.07 5.97 -0.22
30.70 26.99 0.40 0.32 9.65 10.40 7.55 -0.30
30.73 26.56 0.23 0.50 9.41 4.34 5.97 -0.73
30.75 26.89 0.37 0.42 9.67 0.67 5.01 -1.13
30.77 26.89 0.40 0.46 9.58 2.33 5.49 -1.11
30.80 26.80 0.35 0.46 9.58 -2.31 3.54 -0.52
30.82 26.89 0.35 0.45 9.55 -2.44 2.68 -0.15
30.84 26.85 0.34 0.46 9.56 -1.98 3.37 0.47
30.87 26.85 0.33 0.48 9.59 0.98 5.16 1.13
30.89 26.89 0.38 0.41 9.76 -7.90 2.46 0.15
30.91 26.85 0.34 0.49 9.52 -8.34 2.47 0.04
30.94 26.80 0.32 0.43 9.65 -7.90 2.32 -0.11
30.96 26.80 0.32 0.40 9.62 -6.86 2.18 0.24
30.98 26.99 0.33 0.36 9.62 -5.74 2.20 -0.07
31.00 26.99 0.31 0.41 9.56 -6.10 2.10 0.06
31.03 26.80 0.30 0.38 9.62 -7.07 2.27 0.08
31.05 26.89 0.35 0.36 9.51 -8.94 2.10 0.09
31.07 26.80 0.30 0.35 9.67 -10.21 1.92 0.07
31.10 26.80 0.32 0.26 9.65 -12.31 2.07 -0.15
31.12 26.85 0.35 0.29 9.55 -11.13 2.12 0.16
31.14 26.70 0.31 0.19 9.65 -6.50 2.17 -0.01
31.17 26.80 0.29 0.25 9.61 -5.52 2.18 0.08
31.19 26.80 0.33 0.17 9.63 -5.44 2.39 -0.19
31.21 26.65 0.34 0.18 9.63 -3.66 2.22 -0.06
31.24 26.70 0.31 0.23 9.58 -3.17 2.06 0.08
31.26 26.85 0.32 0.20 9.58 -3.27 1.97 0.05
31.28 26.80 0.31 0.21 9.63 -3.23 1.90 0.11
31.31 26.56 0.32 0.21 9.55 -3.19 2.01 -0.12
31.33 26.70 0.28 0.22 9.65 -3.20 2.28 -0.02
31.35 26.89 0.29 0.20 9.58 -3.10 2.02 0.28
31.38 26.51 0.32 0.21 9.60 -2.99 1.98 0.12
31.40 26.80 0.30 0.21 9.58 -2.99 2.19 -0.28
31.42 26.99 0.30 0.20 9.65 -3.28 2.10 -0.02
31.45 26.70 0.32 0.23 9.59 -3.25 1.88 -0.02
31.47 26.80 0.31 0.23 9.62 -4.08 1.52 -0.17
31.49 26.80 0.32 0.20 9.59 -3.63 1.48 -0.15
31.52 26.85 0.29 0.15 9.59 -3.53 1.86 -0.15
31.54 26.80 0.34 0.16 9.66 -3.10 2.10 -0.25
31.56 26.85 0.29 0.23 9.52 -2.96 1.92 -0.05
31.59 26.85 0.32 0.19 9.53 -2.81 2.20 0.04
31.61 26.80 0.30 0.21 9.60 -3.26 1.86 -0.06
31.63 26.89 0.32 0.19 9.56 -3.05 2.36 -0.05
31.65 26.80 0.31 0.22 9.62 -2.97 2.08 -0.10
31.68 26.89 0.31 0.16 9.58 -3.01 1.91 -0.02
31.70 26.65 0.34 0.17 9.64 -3.16 1.88 0.26
31.72 26.56 0.34 0.18 9.60 -3.01 1.98 0.14
31.75 26.37 0.31 0.15 9.57 -3.07 2.18 -0.07
31.77 26.80 0.33 0.22 9.59 -3.05 1.95 -0.18
31.79 26.85 0.32 0.16 9.56 -2.99 2.06 0.26
31.82 26.70 0.34 0.18 9.61 -3.00 2.25 -0.01
31.84 26.65 0.33 0.21 9.61 -2.91 1.85 -0.11
31.86 26.70 0.33 0.20 9.60 -3.08 2.04 0.11
31.89 26.80 0.32 0.18 9.65 -2.87 2.22 -0.07
31.91 26.89 0.33 0.20 9.60 -2.90 1.95 -0.09
31.93 26.89 0.29 0.18 9.60 -3.26 2.04 0.11
31.96 26.85 0.29 0.19 9.57 -2.95 2.05 0.23
31.98 27.04 0.33 0.16 9.64 -3.18 2.06 0.43
32.00 26.56 0.34 0.17 9.58 -2.95 2.03 -0.01
32.03 26.80 0.30 0.18 9.64 -3.00 2.06 0.15
32.05 26.80 0.36 0.19 9.56 -3.14 2.00 0.01
32.07 26.80 0.34 0.23 9.63 -2.63 2.13 -0.08
32.10 26.80 0.29 0.20 9.61 -2.93 2.05 -0.11
32.12 26.80 0.33 0.17 9.61 -2.67 2.07 0.17
32.14 26.56 0.34 0.18 9.57 -3.31 2.21 0.15
32.16 26.99 0.33 0.18 9.59 -2.95 1.99 -0.08
32.19 26.80 0.34 0.18 9.56 -2.57 2.24 -0.22
32.21 26.99 0.31 0.19 9.57 -3.25 1.90 0.05
32.23 26.70 0.34 0.20 9.62 -2.76 1.91 0.16
32.26 26.80 0.32 0.22 9.56 -2.98 1.85 0.04
32.28 26.56 0.33 0.22 9.61 -2.93 2.03 -0.27
32.30 27.18 0.32 0.21 9.65 -2.82 1.85 0.11
32.33 26.80 0.34 0.19 9.63 -3.02 1.90 -0.09
32.35 26.80 0.33 0.17 9.59 -3.05 2.00 -0.18
32.37 26.89 0.33 0.18 9.58 -2.95 2.08 -0.01
32.40 26.65 0.33 0.21 9.57 -3.25 2.05 0.09
32.42 26.51 0.30 0.16 9.63 -3.20 1.87 -0.11
32.44 26.99 0.32 0.19 9.63 -2.94 2.11 0.10
32.47 26.89 0.34 0.17 9.52 -2.88 1.99 0.09
32.49 26.85 0.31 0.17 9.60 -3.15 2.16 -0.08
32.51 26.51 0.35 0.20 9.63 -2.94 1.80 -0.10
32.54 26.65 0.30 0.23 9.64 -2.79 2.12 -0.08
32.56 26.65 0.33 0.21 9.54 -2.90 1.90 0.14
32.58 26.56 0.32 0.19 9.57 -2.71 2.15 -0.15
32.61 26.89 0.32 0.17 9.58 -3.08 2.24 0.11
32.63 26.56 0.31 0.22 9.60 -2.60 2.23 -0.02
32.65 26.56 0.33 0.20 9.64 -3.08 2.04 -0.24
32.68 26.80 0.34 0.22 9.53 -2.85 2.42 -0.20
32.70 26.89 0.33 0.19 9.55 -3.07 2.07 0.07
32.72 26.85 0.33 0.19 9.58 -2.61 2.31 0.05
32.74 26.56 0.35 0.17 9.58 -2.95 2.10 0.11
32.77 26.85 0.33 0.22 9.57 -2.86 2.18 -0.27
32.79 26.89 0.29 0.20 9.63 -3.08 2.11 -0.02
32.81 26.37 0.32 0.18 9.59 -2.82 2.22 0.01
32.84 26.56 0.34 0.21 9.61 -3.09 2.05 0.05
32.86 26.89 0.33 0.17 9.57 -3.19 2.17 -0.27
32.88 26.89 0.32 0.18 9.61 -2.68 2.18 0.11
32.91 26.85 0.32 0.21 9.59 -2.85 2.15 -0.11
32.93 26.85 0.32 0.17 9.61 -3.01 1.89 -0.05
32.95 26.89 0.30 0.18 9.57 -2.92 2.17 0.09
32.97 26.80 0.31 0.19 9.60 -3.01 1.84 0.24
33.00 26.80 0.34 0.20 9.66 -3.13 2.12 0.05
33.02 27.04 0.32 0.19 9.59 -2.98 2.02 0.02
33.04 26.85 0.34 0.17 9.53 -2.79 2.24 -0.09
33.07 26.65 0.31 0.18 9.63 -3.12 2.02 0.08
33.09 26.80 0.32 0.19 9.60 -3.23 2.11 0.03
33.11 26.70 0.35 0.18 9.61 -3.01 2.08 -0.17
33.14 26.99 0.32 0.24 9.62 -3.02 2.17 0.07
33.16 26.80 0.32 0.21 9.61 -2.77 1.95 0.22
33.18 26.65 0.31 0.17 9.63 -2.69 1.95 -0.15
33.21 26.80 0.34 0.18 9.55 -3.27 2.18 0.01
33.23 26.85 0.33 0.22 9.60 -2.95 1.85 0.08
33.25 26.85 0.34 0.18 9.58 -2.98 2.03 -0.14
33.28 26.51 0.31 0.20 9.64 -3.27 2.02 0.05
33.30 26.85 0.33 0.23 9.61 -3.11 2.10 -0.29
33.32 26.80 0.33 0.19 9.65 -3.06 2.17 -0.08
33.35 26.85 0.32 0.23 9.59 -2.91 2.13 -0.03
33.37 26.80 0.31 0.18 9.60 -2.90 1.98 0.17
33.39 26.85 0.31 0.23 9.57 -3.15 2.02 0.02
33.41 26.85 0.34 0.18 9.56 -2.79 1.97 0.00
33.44 26.80 0.30 0.22 9.67 -3.28 1.89 0.21
33.46 26.85 0.31 0.20 9.56 -2.63 2.04 0.08
33.48 26.99 0.31 0.21 9.60 -3.01 2.10 0.00
33.51 26.80 0.32 0.23 9.61 -3.18 2.03 0.01
33.53 26.80 0.32 0.15 9.57 -3.22 2.06 -0.07
33.55 26.70 0.29 0.16 9.58 -2.91 2.06 -0.18
33.58 26.70 0.33 0.19 9.57 -2.94 2.15 0.05
33.60 26.89 0.32 0.18 9.59 -3.01 2.01 -0.07
33.62 26.99 0.33 0.23 9.61 -3.08 1.96 0.00
33.64 26.80 0.31 0.19 9.58 -3.00 2.04 -0.04
33.67 26.65 0.36 0.19 9.56 -2.95 1.98 -0.24
33.69 26.80 0.31 0.18 9.64 -3.07 2.32 0.03
33.71 26.80 0.32 0.17 9.62 -3.08 2.12 -0.14
33.74 26.85 0.32 0.18 9.62 -2.92 2.02 -0.24
33.76 26.56 0.33 0.24 9.59 -3.02 2.08 -0.21
33.78 26.80 0.32 0.20 9.66 -2.94 2.18 -0.09
33.81 26.89 0.34 0.21 9.65 -2.97 1.84 -0.27
33.83 26.80 0.32 0.17 9.58 -2.94 1.95 -0.27
33.85 26.89 0.32 0.20 9.64 -2.92 1.77 -0.15
33.88 26.65 0.30 0.17 9.62 -3.08 2.05 0.11
33.90 26.80 0.34 0.18 9.55 -3.05 2.11 -0.10
33.92 26.85 0.33 0.16 9.61 -3.26 1.95 0.18
33.95 26.89 0.33 0.19 9.64 -2.77 1.95 -0.08
33.97 26.65 0.30 0.20 9.66 -3.00 1.93 -0.02
33.99 26.80 0.31 0.19 9.69 -2.72 2.03 0.03
34.02 26.85 0.32 0.20 9.66 -2.98 1.82 0.02
