0.00 25.94 0.39 0.04 9.56 -5.40 1.65 0.36
0.01 25.94 0.35 0.05 9.62 -2.90 2.05 -0.11
0.01 25.98 0.40 -0.01 9.58 -3.15 2.17 -0.29
0.04 26.03 0.40 0.06 9.60 -3.07 2.29 -0.02
0.06 25.98 0.37 0.07 9.66 -2.82 2.06 -0.07
0.08 25.84 0.42 0.06 9.55 -2.87 2.15 -0.07
0.11 26.27 0.38 0.02 9.62 -3.17 2.24 -0.08
0.13 25.79 0.45 0.06 9.62 -2.92 2.29 0.05
0.15 26.03 0.40 0.06 9.64 -2.75 2.10 0.26
0.17 25.84 0.41 0.02 9.60 -2.81 2.07 0.15
0.20 25.94 0.43 0.03 9.60 -2.90 2.16 -0.06
0.22 25.94 0.38 0.05 9.59 -2.69 2.35 -0.16
0.24 26.03 0.40 0.02 9.65 -3.11 2.18 -0.02
0.27 26.13 0.39 0.07 9.56 -2.69 2.11 -0.17
0.29 26.18 0.41 0.02 9.54 -3.10 2.18 -0.03
0.31 25.84 0.41 0.05 9.63 -3.15 1.98 0.24
0.33 25.84 0.36 0.03 9.60 -3.05 1.91 -0.05
0.36 25.98 0.41 0.03 9.60 -3.05 2.07 -0.21
0.38 25.84 0.41 0.03 9.61 -2.72 1.90 0.18
0.40 25.84 0.37 0.07 9.58 -2.97 2.08 0.03
0.42 26.13 0.43 0.05 9.63 -3.19 2.05 -0.18
0.45 25.98 0.39 0.03 9.58 -2.98 2.15 0.13
0.47 25.74 0.41 0.02 9.51 -3.07 2.19 -0.13
0.49 26.13 0.39 0.06 9.62 -3.15 2.19 -0.10
0.52 26.03 0.38 0.05 9.56 -2.93 1.98 0.02
0.54 25.98 0.40 0.02 9.57 -3.05 1.99 0.16
0.56 25.94 0.37 0.03 9.56 -3.06 1.88 -0.05
0.58 25.98 0.43 0.05 9.65 -3.00 2.14 -0.25
0.61 25.94 0.42 0.04 9.52 -3.18 2.06 0.15
0.63 25.98 0.37 0.06 9.57 -2.80 1.89 0.14
0.65 25.94 0.40 0.08 9.60 -2.67 2.05 -0.07
0.67 25.94 0.38 0.06 9.64 -2.99 2.05 -0.05
0.70 26.03 0.41 0.05 9.59 -3.33 2.11 -0.08
0.72 25.98 0.36 0.05 9.63 -3.01 2.17 0.02
0.74 25.98 0.37 0.05 9.58 -3.06 2.33 -0.04
0.76 25.84 0.41 0.05 9.55 -3.04 2.03 -0.08
0.79 25.98 0.38 0.07 9.59 -2.88 2.07 -0.21
0.81 25.98 0.40 0.06 9.63 -2.43 2.12 0.21
0.83 25.94 0.38 0.06 9.60 -3.13 1.99 -0.11
0.86 25.98 0.37 0.03 9.65 -2.85 1.82 0.02
0.88 25.94 0.37 0.03 9.59 -3.11 2.16 0.02
0.90 25.94 0.38 0.07 9.61 -2.97 2.31 -0.25
0.92 26.13 0.39 0.06 9.56 -2.66 2.12 -0.15
0.95 26.03 0.40 0.01 9.63 -2.93 1.87 -0.04
0.97 25.94 0.37 0.03 9.60 -2.98 1.95 0.02
0.99 26.13 0.38 0.04 9.66 -3.05 2.14 0.08
1.01 26.18 0.42 0.06 9.57 -3.04 1.76 -0.02
1.04 26.18 0.42 0.05 9.60 -3.11 1.79 0.02
1.06 26.03 0.39 0.01 9.66 -3.02 2.21 -0.07
1.08 25.98 0.40 0.03 9.57 -2.85 1.84 0.00
1.10 25.98 0.38 0.05 9.59 -2.89 1.97 0.15
1.13 26.13 0.37 0.02 9.61 -3.15 2.17 -0.13
1.15 26.13 0.35 0.04 9.56 -3.02 1.97 0.00
1.17 25.98 0.39 0.03 9.62 -2.94 1.86 -0.04
1.20 25.98 0.39 0.04 9.60 -2.76 1.99 -0.07
1.22 25.84 0.39 0.05 9.60 -2.96 2.27 0.08
1.24 25.98 0.41 0.05 9.62 -3.05 2.12 -0.18
1.26 26.03 0.39 0.02 9.58 -2.82 2.09 0.11
1.28 25.98 0.40 0.06 9.56 -3.21 2.18 -0.21
1.31 26.03 0.37 0.05 9.55 -3.15 2.08 0.18
1.33 25.98 0.41 0.06 9.60 -2.86 2.15 -0.10
1.35 25.98 0.38 0.06 9.58 -2.91 2.15 0.04
1.38 25.98 0.40 0.07 9.60 -2.98 2.06 0.34
1.40 25.94 0.39 0.04 9.64 -3.15 2.15 0.02
1.42 25.94 0.38 0.07 9.60 -2.94 2.11 -0.04
1.44 26.03 0.40 0.07 9.62 -2.98 1.93 -0.17
1.47 26.13 0.38 0.02 9.61 -2.81 2.01 -0.15
1.49 25.98 0.39 0.05 9.62 -2.92 2.08 -0.33
1.51 25.98 0.41 0.04 9.63 -3.10 2.11 -0.27
1.53 26.13 0.37 0.04 9.61 -2.97 1.96 -0.15
1.56 26.13 0.41 0.03 9.60 -2.95 2.04 0.12
1.58 26.03 0.41 0.03 9.64 -3.29 2.04 0.08
1.60 25.98 0.41 0.06 9.63 -3.24 2.01 -0.23
1.63 25.84 0.41 0.05 9.58 -2.92 2.29 -0.31
1.65 25.98 0.39 0.07 9.62 -2.94 2.08 0.08
1.67 25.94 0.36 0.02 9.55 -3.02 2.15 -0.02
1.69 26.18 0.37 0.06 9.63 -3.41 2.09 -0.01
1.72 25.94 0.40 0.03 9.56 -3.14 2.26 0.04
1.74 25.84 0.39 0.03 9.66 -2.93 2.08 -0.24
1.76 25.98 0.37 0.01 9.65 -2.92 2.10 0.02
1.78 26.18 0.39 0.08 9.59 -3.02 1.89 -0.11
1.81 26.03 0.42 0.02 9.62 -3.19 2.17 0.00
1.83 26.13 0.40 0.07 9.60 -3.19 2.08 0.06
1.85 25.79 0.38 -0.00 9.61 -2.96 2.12 -0.02
1.87 26.18 0.39 0.05 9.58 -2.84 2.23 0.18
1.90 26.18 0.39 0.02 9.64 -2.77 1.83 -0.05
1.92 25.98 0.36 0.02 9.56 -2.82 2.08 -0.08
1.94 25.98 0.40 0.06 9.64 -2.95 2.04 0.04
1.97 25.98 0.38 0.01 9.53 -2.98 1.92 0.05
1.99 26.32 0.40 0.08 9.61 -2.98 1.95 0.05
2.01 26.13 0.35 0.03 9.60 -2.63 2.28 -0.15
2.03 26.03 0.41 0.05 9.57 -2.85 2.02 -0.15
2.06 26.27 0.37 0.04 9.55 -3.02 2.30 -0.02
2.08 25.94 0.36 0.01 9.56 -2.95 1.82 0.06
2.10 25.98 0.39 0.03 9.63 -2.82 1.90 -0.29
2.12 26.18 0.37 0.03 9.61 -2.98 2.21 -0.05
2.15 26.13 0.40 0.05 9.62 -3.08 1.93 -0.17
2.17 25.98 0.39 0.06 9.59 -2.88 2.18 -0.05
2.19 25.98 0.39 0.05 9.59 -3.05 1.98 -0.11
2.22 25.94 0.42 0.03 9.65 -2.78 2.18 0.17
2.24 25.98 0.36 0.05 9.58 -2.90 1.98 0.02
2.26 26.03 0.36 0.01 9.60 -3.09 2.21 -0.21
2.28 26.03 0.37 0.06 9.57 -2.93 2.10 0.08
2.31 26.32 0.40 0.03 9.59 -3.17 2.26 0.01
2.33 26.27 0.40 0.05 9.60 -2.86 2.28 0.05
2.35 26.27 0.40 0.04 9.60 -3.08 2.00 -0.08
2.37 26.37 0.43 0.03 9.63 -2.92 2.29 -0.17
2.40 26.03 0.39 0.06 9.63 -2.83 2.31 0.05
2.42 25.98 0.42 0.07 9.60 -2.91 1.97 -0.02
2.44 26.27 0.38 0.04 9.61 -3.15 2.27 0.03
2.46 25.98 0.39 0.04 9.58 -2.83 1.83 0.03
2.49 25.98 0.39 0.04 9.60 -2.77 1.85 -0.19
2.51 25.94 0.36 0.03 9.61 -3.05 2.18 -0.01
2.53 25.84 0.34 0.03 9.62 -2.82 2.06 -0.11
2.55 25.94 0.40 0.08 9.62 -2.79 2.01 -0.03
2.58 25.94 0.40 0.04 9.65 -2.81 2.03 -0.24
2.60 26.03 0.38 0.06 9.57 -3.01 2.11 -0.07
2.62 26.18 0.40 0.03 9.62 -2.84 2.12 -0.01
2.65 26.18 0.39 0.01 9.61 -3.17 2.05 0.13
2.67 26.03 0.38 0.04 9.61 -3.11 2.01 -0.08
2.69 25.98 0.37 0.03 9.60 -3.15 2.05 -0.12
2.71 25.98 0.38 0.06 9.53 -2.76 2.01 -0.02
2.74 26.13 0.43 0.05 9.62 -2.97 2.05 -0.11
2.76 26.18 0.40 0.02 9.55 -3.10 2.16 0.18
2.78 25.98 0.39 0.02 9.55 -2.85 2.31 -0.12
2.81 25.98 0.40 0.06 9.60 -2.89 2.18 -0.18
2.83 26.27 0.42 0.04 9.56 -2.95 2.02 -0.06
2.85 25.94 0.35 0.00 9.57 -2.85 2.11 -0.02
2.87 26.03 0.40 0.05 9.58 -3.04 2.02 -0.20
2.90 26.13 0.38 0.03 9.64 -2.92 2.20 0.02
2.92 25.94 0.36 0.02 9.61 -3.04 2.31 0.08
2.94 26.18 0.40 0.06 9.64 -2.69 1.79 0.23
2.96 26.27 0.39 0.07 9.60 -2.92 2.30 -0.09
2.99 25.84 0.42 0.05 9.61 -3.08 1.98 0.24
3.01 26.18 0.38 0.01 9.58 -3.09 1.99 0.24
3.03 25.94 0.42 0.03 9.57 -2.96 2.20 -0.05
3.05 25.98 0.40 0.06 9.63 -3.19 2.18 -0.21
3.08 25.79 0.39 0.00 9.58 -3.06 2.09 0.17
3.10 26.37 0.38 0.00 9.55 -3.02 2.19 0.21
3.12 26.18 0.39 0.09 9.59 -2.89 2.08 0.10
3.14 25.94 0.36 0.03 9.64 -2.94 2.20 -0.07
3.17 25.98 0.37 0.04 9.62 -3.15 1.97 0.04
3.19 25.98 0.38 0.06 9.58 -2.89 2.14 -0.23
3.21 26.18 0.40 0.06 9.56 -3.01 2.02 0.04
3.23 26.13 0.39 0.05 9.60 -3.12 1.93 0.14
3.26 26.32 0.39 0.05 9.57 -2.82 2.08 -0.32
3.28 26.03 0.39 0.05 9.60 -2.71 2.13 0.03
3.30 25.84 0.37 0.03 9.60 -3.11 1.98 0.18
3.32 25.98 0.43 0.06 9.57 -2.87 2.36 -0.05
3.35 25.94 0.38 0.03 9.60 -2.96 1.74 -0.03
3.37 25.79 0.36 0.03 9.58 -2.93 1.93 -0.09
3.39 26.18 0.39 0.07 9.53 -3.04 2.29 -0.05
3.42 26.27 0.36 0.05 9.60 -3.19 1.95 -0.02
3.44 26.18 0.39 0.03 9.63 -2.95 2.03 -0.21
3.46 26.13 0.37 0.06 9.61 -3.01 2.26 0.00
3.48 26.27 0.39 0.03 9.60 -2.97 1.99 0.02
3.51 26.13 0.34 0.04 9.59 -3.02 2.03 -0.05
3.53 25.94 0.39 0.02 9.66 -2.81 1.95 -0.12
3.55 26.18 0.39 0.03 9.58 -2.82 2.25 -0.34
3.58 26.18 0.40 0.05 9.61 -3.19 2.06 -0.16
3.60 26.32 0.37 0.06 9.58 -3.10 2.11 0.00
3.62 25.84 0.40 0.06 9.58 -2.92 1.99 0.05
3.64 26.32 0.39 0.01 9.58 -3.02 2.25 0.04
3.67 26.18 0.39 0.06 9.57 -2.94 2.21 -0.20
3.69 26.13 0.38 0.03 9.62 -2.95 2.15 0.02
3.71 26.13 0.39 0.02 9.64 -2.77 2.26 -0.03
3.73 25.94 0.41 0.01 9.60 -3.24 2.06 -0.20
3.76 26.18 0.40 0.05 9.59 -2.99 2.15 0.29
3.78 26.32 0.39 0.02 9.56 -3.08 2.11 0.00
3.80 26.03 0.37 0.06 9.60 -2.97 1.95 -0.27
3.82 26.13 0.36 0.04 9.61 -2.89 2.02 0.08
3.85 25.94 0.40 0.04 9.62 -2.98 2.20 0.28
3.87 26.13 0.38 0.02 9.60 -3.04 1.85 -0.21
3.89 25.98 0.39 0.06 9.63 -2.89 1.96 -0.09
3.91 26.03 0.38 0.05 9.60 -2.86 2.31 -0.13
3.94 26.13 0.41 0.06 9.60 -2.92 2.02 0.02
3.96 26.03 0.40 0.06 9.60 -3.08 2.11 0.37
3.98 26.03 0.36 0.02 9.57 -2.94 2.34 -0.01
4.00 25.98 0.40 0.05 9.59 -3.19 2.07 -0.10
4.03 26.18 0.41 0.08 9.61 -2.95 2.05 -0.19
4.05 26.32 0.40 0.04 9.59 -2.85 1.87 -0.28
4.07 25.98 0.37 0.06 9.56 -3.41 2.11 -0.09
4.10 25.94 0.37 0.03 9.62 -3.04 2.11 0.31
4.12 26.13 0.38 0.05 9.61 -2.62 2.00 0.22
4.14 26.03 0.42 0.07 9.63 -2.76 2.18 -0.11
4.16 26.13 0.40 0.06 9.58 -3.16 2.33 0.07
4.19 26.27 0.39 0.00 9.61 -2.82 2.11 -0.02
4.21 25.94 0.39 0.03 9.62 -3.03 1.73 -0.34
4.23 25.98 0.35 0.01 9.59 -2.87 2.27 0.11
4.25 26.18 0.40 0.04 9.58 -2.76 2.19 0.13
4.28 26.18 0.37 0.03 9.62 -2.64 1.96 -0.18
4.30 26.13 0.37 0.06 9.56 -2.85 2.17 -0.11
4.32 25.98 0.41 0.02 9.62 -2.97 2.24 0.03
4.34 26.18 0.40 0.05 9.56 -2.76 1.95 -0.20
4.37 25.98 0.36 0.04 9.57 -3.05 2.10 -0.02
4.39 26.13 0.39 0.06 9.57 -2.76 2.14 -0.06
4.41 26.18 0.40 0.05 9.60 -2.92 2.05 0.08
4.44 26.03 0.40 0.07 9.61 -2.79 1.95 -0.15
4.46 26.03 0.39 0.01 9.56 -2.96 2.19 -0.21
4.48 25.98 0.35 0.06 9.55 -2.99 2.09 0.01
4.50 26.03 0.43 0.06 9.60 -2.96 1.95 0.19
4.53 26.13 0.41 0.02 9.60 -3.05 1.89 0.05
4.55 26.27 0.41 0.04 9.63 -3.02 2.19 0.13
4.57 26.13 0.36 0.05 9.63 -3.18 2.21 -0.18
4.59 26.18 0.40 0.07 9.63 -2.70 2.16 0.03
4.62 26.32 0.40 0.06 9.56 -2.84 1.98 -0.01
4.64 25.94 0.40 0.03 9.62 -2.85 1.85 0.07
4.66 26.03 0.40 0.01 9.63 -2.74 2.08 -0.28
4.68 25.79 0.43 0.03 9.56 -3.15 2.24 -0.04
4.71 26.18 0.40 0.02 9.60 -2.92 2.41 0.20
4.73 26.18 0.41 0.02 9.59 -2.97 2.08 0.02
4.75 26.18 0.40 0.03 9.56 -3.07 2.21 -0.18
4.77 26.13 0.36 0.06 9.57 -2.82 2.05 0.05
4.80 26.13 0.37 0.09 9.59 -3.03 2.15 -0.08
4.82 26.13 0.39 0.05 9.54 -3.05 2.25 0.04
4.84 25.98 0.39 0.04 9.60 -2.97 2.20 0.01
4.86 26.18 0.39 0.03 9.62 -3.02 1.98 0.05
4.89 26.13 0.39 0.06 9.58 -3.06 2.15 -0.02
4.91 26.27 0.38 0.06 9.61 -2.96 2.08 0.00
4.93 26.18 0.36 0.06 9.62 -3.02 2.31 -0.07
4.96 26.13 0.38 0.04 9.60 -3.09 1.98 -0.24
4.98 26.32 0.38 -0.00 9.58 -2.98 2.30 0.20
5.00 26.03 0.42 0.02 9.62 -2.92 1.85 0.05
5.02 26.27 0.37 0.06 9.62 -2.51 2.07 -0.26
5.05 25.84 0.40 0.05 9.63 -3.20 2.13 0.08
5.07 26.03 0.38 0.03 9.58 -2.95 2.16 -0.09
5.09 25.98 0.38 0.03 9.59 -3.15 1.86 -0.12
5.11 25.94 0.40 0.02 9.54 -2.94 2.14 0.03
5.14 25.98 0.39 0.04 9.66 -3.15 2.31 -0.16
5.16 26.18 0.39 0.04 9.64 -2.89 2.03 -0.03
5.18 26.13 0.37 0.09 9.56 -2.78 2.10 0.08
5.20 26.18 0.37 0.05 9.62 -3.13 2.16 -0.11
5.23 25.84 0.38 0.04 9.62 -2.82 2.37 -0.01
5.25 25.94 0.40 0.05 9.63 -2.92 2.00 -0.03
5.27 26.18 0.39 0.06 9.58 -3.18 2.13 -0.01
5.30 26.03 0.42 0.03 9.60 -3.09 2.41 -0.31
5.32 26.32 0.38 0.01 9.60 -2.87 2.08 0.02
5.34 26.18 0.37 0.03 9.58 -2.82 2.04 -0.01
5.36 26.27 0.38 0.04 9.62 -3.03 2.05 -0.02
5.39 25.98 0.40 0.06 9.60 -2.87 2.06 0.01
5.41 26.13 0.34 0.01 9.61 -2.66 1.82 -0.14
5.43 25.94 0.40 0.08 9.63 -2.98 1.85 -0.44
5.46 25.84 0.34 0.06 9.57 -2.79 2.17 0.05
5.48 26.18 0.40 0.05 9.64 -3.23 2.15 0.27
5.50 26.03 0.38 0.07 9.66 -2.99 1.74 -0.14
5.52 26.13 0.38 0.04 9.59 -3.17 2.04 0.18
5.55 25.94 0.40 0.05 9.58 -3.08 2.05 0.06
5.57 26.13 0.41 0.02 9.59 -3.43 2.14 0.11
5.59 26.18 0.37 0.04 9.57 -3.06 1.93 0.08
5.61 26.32 0.38 0.05 9.58 -2.85 2.18 -0.05
5.64 26.18 0.39 0.03 9.62 -3.12 1.81 -0.04
5.66 26.27 0.43 0.04 9.60 -2.95 2.02 -0.03
5.68 26.03 0.35 0.01 9.61 -2.99 1.83 0.03
5.70 26.27 0.41 0.06 9.62 -2.67 2.09 -0.05
5.73 26.13 0.42 0.05 9.59 -2.95 1.86 -0.40
5.75 26.03 0.40 0.02 9.62 -3.27 1.94 -0.44
5.77 26.13 0.41 0.05 9.59 -2.82 1.89 -0.05
5.80 26.18 0.38 0.03 9.57 -2.79 2.18 0.22
5.82 26.03 0.38 0.05 9.56 -2.94 2.17 -0.05
5.84 26.18 0.39 0.03 9.58 -2.90 2.25 0.04
5.86 26.18 0.39 0.05 9.62 -2.85 2.05 -0.03
5.89 26.13 0.38 0.04 9.58 -2.96 1.82 -0.16
5.91 26.03 0.43 0.06 9.59 -3.05 2.20 -0.06
5.93 25.98 0.35 0.04 9.60 -2.99 2.06 -0.01
5.95 26.37 0.38 0.02 9.58 -3.07 2.15 -0.47
5.98 26.18 0.39 0.06 9.60 -3.09 2.02 -0.11
6.00 26.13 0.42 0.03 9.61 -3.15 2.13 -0.17
6.02 26.27 0.38 0.03 9.59 -2.97 2.06 -0.22
6.05 26.27 0.36 0.00 9.59 -2.97 2.06 0.09
6.07 26.18 0.40 0.04 9.58 -3.08 2.00 -0.25
6.09 25.98 0.40 0.08 9.63 -2.99 2.05 0.13
6.11 26.27 0.38 0.01 9.60 -2.76 1.88 -0.10
6.14 26.37 0.39 0.04 9.60 -3.07 2.29 0.03
6.16 26.27 0.40 0.02 9.58 -2.92 2.24 -0.09
6.18 26.13 0.40 0.01 9.59 -2.92 2.27 0.01
6.20 25.84 0.37 0.03 9.59 -3.15 2.13 -0.18
6.23 26.03 0.38 0.03 9.62 -2.92 2.02 -0.01
6.25 26.18 0.43 0.05 9.60 -3.08 2.15 -0.16
6.27 25.94 0.42 0.06 9.62 -3.12 1.83 -0.08
6.30 26.18 0.38 0.03 9.60 -2.79 1.98 -0.31
6.32 26.27 0.37 0.05 9.60 -2.96 2.01 -0.15
6.34 26.27 0.39 0.08 9.57 -2.79 2.15 -0.01
6.36 26.03 0.38 0.01 9.59 -2.81 2.12 -0.19
6.39 26.32 0.39 0.02 9.60 -2.93 2.16 0.06
6.41 26.13 0.36 0.01 9.61 -3.02 1.83 -0.02
6.43 26.32 0.40 0.04 9.55 -3.09 2.13 -0.02
6.46 26.18 0.40 0.04 9.61 -2.85 2.13 -0.15
6.48 26.03 0.38 0.06 9.58 -2.95 2.06 -0.18
6.50 26.32 0.37 0.04 9.55 -3.00 2.11 -0.04
6.52 26.32 0.42 0.04 9.61 -2.69 2.30 0.03
6.55 26.18 0.39 0.05 9.61 -3.02 2.05 -0.07
6.57 25.98 0.40 0.06 9.61 -2.95 1.92 -0.06
6.59 26.18 0.36 0.04 9.56 -2.86 2.02 0.24
6.61 26.18 0.41 0.05 9.64 -3.11 2.11 -0.01
6.64 25.98 0.40 -0.00 9.57 -2.94 2.13 0.21
6.66 26.18 0.40 0.04 9.56 -3.06 2.18 -0.15
6.68 26.18 0.39 0.03 9.63 -3.08 1.97 0.01
6.71 26.13 0.42 0.02 9.55 -3.08 1.92 0.08
6.73 26.03 0.41 0.06 9.56 -3.15 2.35 -0.15
6.75 25.98 0.40 0.07 9.59 -3.03 1.89 0.05
6.77 26.18 0.39 0.05 9.64 -2.86 2.05 0.15
6.80 26.03 0.39 0.04 9.60 -3.09 1.95 -0.11
6.82 26.27 0.34 0.04 9.57 -3.02 1.74 -0.23
6.84 26.13 0.40 0.05 9.61 -2.59 2.00 0.14
6.86 26.51 0.43 0.03 9.55 -3.12 2.27 -0.11
6.89 26.32 0.38 0.07 9.60 -3.19 2.31 -0.15
6.91 26.03 0.41 0.01 9.56 -2.95 2.12 0.13
6.93 26.13 0.39 0.04 9.62 -3.01 2.07 -0.11
6.96 26.18 0.37 0.03 9.53 -3.23 2.05 -0.09
6.98 25.98 0.38 0.02 9.62 -3.01 2.26 0.10
7.00 26.32 0.37 0.05 9.61 -2.74 2.08 0.16
7.02 26.13 0.41 0.03 9.59 -2.75 2.17 -0.21
7.05 26.03 0.46 0.06 9.57 -2.90 2.11 -0.04
7.07 26.51 0.36 0.03 9.61 -3.06 2.08 0.00
7.09 26.18 0.41 0.05 9.54 -3.04 1.87 -0.11
7.11 26.03 0.44 0.04 9.56 -2.96 2.05 -0.10
7.14 26.27 0.41 0.06 9.65 -3.02 1.97 0.11
7.16 26.13 0.37 0.03 9.64 -3.11 2.20 -0.01
7.18 26.13 0.38 0.04 9.59 -3.24 2.42 0.01
7.20 26.13 0.34 0.06 9.63 -2.99 2.06 -0.08
7.23 26.03 0.37 0.05 9.60 -3.11 1.92 0.21
7.25 26.18 0.38 0.02 9.64 -3.25 1.99 -0.06
7.27 26.37 0.35 0.04 9.56 -2.99 2.32 -0.05
7.29 26.32 0.38 0.06 9.57 -3.02 2.18 -0.04
7.32 26.18 0.40 0.03 9.65 -3.01 2.08 -0.07
7.34 26.32 0.38 0.01 9.59 -2.73 2.21 -0.01
7.36 26.13 0.39 0.05 9.62 -2.95 2.13 0.05
7.39 26.27 0.39 0.04 9.60 -3.26 2.18 -0.05
7.41 26.51 0.40 0.02 9.55 -2.86 2.02 0.08
7.43 26.18 0.41 0.03 9.61 -2.98 2.25 -0.34
7.45 26.46 0.39 0.03 9.63 -3.02 2.23 -0.23
7.48 25.94 0.42 0.05 9.61 -3.30 2.21 -0.03
7.50 26.37 0.37 0.05 9.63 -2.95 2.09 -0.09
7.52 26.32 0.40 0.05 9.64 -2.82 2.07 -0.05
7.54 26.13 0.43 0.02 9.59 -3.04 2.18 -0.11
7.57 26.03 0.37 0.08 9.59 -2.90 1.99 -0.03
7.59 26.18 0.37 0.05 9.58 -2.93 2.19 -0.13
7.61 26.18 0.37 0.02 9.66 -3.01 2.17 0.00
7.64 26.37 0.38 0.02 9.60 -3.09 1.98 -0.18
7.66 26.03 0.40 0.07 9.57 -2.92 2.02 -0.18
7.68 26.32 0.42 0.04 9.61 -2.83 2.21 0.13
7.70 26.13 0.35 0.03 9.56 -2.90 2.10 -0.10
7.73 26.27 0.37 0.03 9.64 -2.70 2.09 0.13
7.75 26.13 0.40 0.03 9.64 -3.11 1.98 -0.08
7.77 26.18 0.41 0.05 9.61 -2.96 2.02 -0.27
7.80 26.18 0.40 0.03 9.59 -3.18 2.12 -0.08
7.82 26.32 0.36 0.04 9.65 -3.16 1.99 -0.08
7.84 26.37 0.37 0.07 9.63 -2.91 2.24 -0.05
7.86 26.32 0.40 0.06 9.60 -2.73 1.99 0.05
7.89 26.18 0.36 0.03 9.56 -3.16 2.21 0.05
7.91 26.27 0.38 0.03 9.64 -2.96 2.18 -0.08
7.93 26.27 0.40 0.05 9.61 -3.00 2.33 -0.05
7.95 26.27 0.40 0.06 9.62 -3.05 2.26 -0.22
7.98 26.13 0.38 0.04 9.58 -2.99 2.05 0.03
8.00 26.13 0.37 0.02 9.56 -3.11 2.29 -0.09
8.02 26.27 0.40 0.07 9.58 -2.79 2.02 -0.15
8.05 26.13 0.37 0.06 9.60 -3.11 2.11 -0.08
8.07 25.84 0.39 0.01 9.62 -3.05 2.04 -0.01
8.09 26.03 0.41 0.04 9.57 -2.99 2.07 -0.05
8.11 26.37 0.41 0.04 9.66 -2.79 2.15 0.05
8.14 25.98 0.41 0.04 9.55 -2.95 2.08 -0.08
8.16 26.13 0.41 0.05 9.63 -3.00 1.88 -0.29
8.18 26.37 0.38 0.03 9.59 -3.13 2.13 -0.14
8.21 26.27 0.39 0.03 9.61 -2.95 2.21 -0.06
8.23 26.51 0.37 0.07 9.66 -2.57 2.12 0.08
8.25 26.37 0.38 0.07 9.65 -3.14 1.79 -0.14
8.27 26.32 0.38 0.04 9.69 -3.07 1.96 0.18
8.30 26.03 0.38 0.06 9.61 -3.02 2.09 -0.20
8.32 26.32 0.38 0.02 9.60 -3.21 1.82 0.23
8.34 26.27 0.40 0.06 9.59 -2.85 2.15 0.11
8.36 26.18 0.38 0.01 9.56 -2.95 2.11 0.06
8.39 26.32 0.40 0.04 9.57 -3.19 2.24 0.01
8.41 26.32 0.42 0.02 9.58 -2.92 2.10 -0.16
8.43 26.13 0.37 0.03 9.60 -2.93 2.20 0.06
8.45 26.03 0.39 0.04 9.65 -3.15 2.02 -0.04
8.48 25.94 0.39 0.03 9.61 -2.95 2.05 0.02
8.50 26.03 0.38 0.02 9.62 -2.95 1.85 -0.06
8.52 26.32 0.41 0.04 9.59 -3.08 2.09 0.20
8.54 26.13 0.39 0.03 9.61 -2.84 2.08 -0.05
8.57 26.03 0.40 0.03 9.60 -2.89 1.98 0.26
8.59 26.18 0.41 0.05 9.59 -2.92 2.12 -0.07
8.61 26.13 0.39 0.02 9.61 -3.20 2.00 -0.18
8.63 26.18 0.40 0.06 9.63 -2.93 2.21 0.00
8.66 26.27 0.41 0.08 9.61 -2.72 1.98 0.08
8.68 26.27 0.39 0.02 9.65 -3.04 2.13 0.22
8.70 26.32 0.38 0.02 9.62 -3.02 2.06 0.04
8.72 26.27 0.37 0.00 9.57 -2.98 2.12 -0.06
8.75 26.27 0.39 0.02 9.62 -2.90 1.98 -0.02
8.77 26.27 0.40 0.08 9.63 -3.01 1.89 -0.26
8.79 26.03 0.39 0.01 9.58 -3.18 2.02 0.01
8.81 26.18 0.40 0.03 9.58 -2.86 2.02 0.00
8.84 25.94 0.37 0.05 9.55 -3.07 2.05 -0.28
8.86 26.18 0.37 0.04 9.53 -3.08 2.14 0.11
8.88 25.98 0.37 0.07 9.57 -2.62 1.92 0.02
8.90 25.98 0.40 -0.00 9.57 -2.61 1.92 -0.26
8.93 26.46 0.40 0.03 9.60 -3.30 1.83 0.02
8.95 25.98 0.39 0.06 9.58 -2.72 2.15 -0.21
8.97 26.03 0.39 0.02 9.65 -2.93 1.97 -0.07
9.00 26.37 0.35 0.08 9.58 -3.01 2.14 0.08
9.02 26.51 0.40 0.03 9.65 -2.76 1.92 -0.04
9.04 25.98 0.39 0.03 9.56 -2.92 2.04 0.08
9.06 26.27 0.42 0.05 9.64 -2.93 2.00 0.25
9.09 26.32 0.36 0.08 9.56 -3.02 2.41 0.08
9.11 26.18 0.39 0.05 9.62 -3.02 1.96 0.11
9.13 26.18 0.36 0.03 9.63 -2.99 2.29 0.11
9.15 26.37 0.38 0.02 9.52 -3.12 1.90 0.12
9.18 26.27 0.41 0.05 9.62 -3.06 2.25 -0.24
9.20 25.98 0.42 0.01 9.58 -2.88 2.31 -0.02
9.22 26.03 0.36 0.07 9.57 -3.08 2.18 0.07
9.24 26.32 0.39 0.06 9.60 -2.86 1.99 -0.31
9.27 26.18 0.37 0.05 9.62 -3.16 2.38 -0.02
9.29 25.98 0.38 0.05 9.62 -3.11 1.94 0.14
9.31 26.18 0.40 0.05 9.59 -2.95 2.03 0.09
9.33 26.18 0.39 0.05 9.55 -3.05 1.85 -0.04
9.36 26.32 0.39 0.08 9.59 -3.02 2.21 0.01
9.38 26.51 0.40 0.03 9.61 -3.05 2.22 0.08
9.40 26.32 0.38 0.06 9.65 -2.82 2.08 -0.11
9.42 26.18 0.34 0.07 9.59 -2.98 2.15 -0.03
9.45 26.27 0.38 -0.02 9.61 -3.13 2.04 -0.22
9.47 25.94 0.36 0.04 9.59 -3.07 2.09 -0.14
9.49 26.13 0.36 0.06 9.59 -2.95 2.08 0.21
9.52 26.32 0.42 0.05 9.63 -2.49 2.15 -0.11
9.54 26.18 0.38 0.04 9.62 -3.11 1.81 -0.02
9.56 26.18 0.40 0.01 9.64 -2.99 2.31 0.05
9.58 26.27 0.42 0.04 9.61 -3.02 2.15 -0.05
9.61 26.37 0.38 -0.00 9.63 -2.90 2.11 -0.17
9.63 26.27 0.38 0.06 9.61 -3.56 2.06 0.01
9.65 26.13 0.42 0.05 9.56 -3.21 2.02 0.23
9.68 26.32 0.40 0.07 9.61 -3.06 2.20 -0.27
9.70 26.13 0.38 0.04 9.64 -3.04 1.92 0.15
9.72 26.27 0.39 0.04 9.67 -3.13 2.06 0.13
9.74 26.03 0.43 0.05 9.65 -3.02 2.01 0.01
9.77 26.32 0.43 0.06 9.56 -2.95 2.09 0.02
9.79 26.18 0.40 0.05 9.62 -3.02 2.33 -0.15
9.81 26.32 0.41 0.10 9.58 -3.29 1.98 0.17
9.83 26.32 0.37 0.04 9.62 -2.83 1.87 0.33
9.86 26.32 0.37 0.06 9.54 -2.95 2.29 0.04
9.88 26.18 0.39 0.06 9.58 -2.88 2.32 0.02
9.90 26.13 0.36 0.05 9.59 -3.18 2.10 0.04
9.92 26.18 0.38 0.03 9.69 -3.07 2.24 -0.38
9.95 26.32 0.38 0.06 9.59 -2.92 2.36 0.12
9.97 26.32 0.42 -0.00 9.63 -3.05 2.03 -0.08
9.99 26.56 0.37 0.03 9.56 -2.98 1.95 -0.11
10.01 26.32 0.42 0.04 9.58 -2.82 2.12 0.02
10.04 26.18 0.37 0.03 9.59 -2.91 1.92 0.08
10.06 26.27 0.39 0.03 9.59 -3.05 2.05 -0.31
10.08 26.27 0.39 0.06 9.59 -2.99 2.23 -0.13
10.11 26.37 0.37 0.04 9.58 -2.77 2.16 0.03
10.13 26.27 0.40 0.05 9.61 -2.98 1.94 -0.14
10.15 26.18 0.39 0.03 9.63 -2.77 2.39 0.02
10.18 26.27 0.38 0.05 9.59 -2.91 1.98 -0.26
10.20 26.27 0.34 0.05 9.62 -2.73 1.63 0.07
10.22 26.37 0.38 0.04 9.59 -3.20 2.05 -0.18
10.25 26.37 0.38 0.03 9.63 -3.04 2.17 0.07
10.27 26.46 0.38 0.06 9.62 -3.07 2.08 -0.30
10.29 26.37 0.40 0.03 9.59 -2.99 1.99 -0.08
10.31 26.46 0.39 0.02 9.63 -2.90 2.31 0.19
10.34 26.27 0.38 0.04 9.61 -3.15 2.12 -0.04
10.36 26.37 0.39 0.03 9.66 -2.74 2.19 -0.14
10.39 26.18 0.39 0.03 9.62 -2.93 2.02 0.15
10.41 26.27 0.40 0.06 9.63 -2.96 1.96 -0.05
10.43 26.32 0.38 0.06 9.58 -3.11 2.14 0.17
10.45 26.13 0.40 0.06 9.62 -3.15 2.27 -0.16
10.48 26.27 0.34 0.05 9.61 -2.86 2.19 -0.21
10.50 26.18 0.39 0.04 9.59 -3.15 2.00 -0.15
10.52 26.18 0.39 0.06 9.60 -3.02 2.16 0.09
10.55 26.27 0.39 0.03 9.58 -2.79 1.79 0.15
10.57 26.27 0.38 0.04 9.58 -3.07 2.26 0.13
10.59 25.98 0.37 0.03 9.59 -3.05 2.13 -0.08
10.62 26.46 0.38 0.05 9.59 -2.34 1.80 0.24
10.64 26.18 0.40 -0.00 9.65 -2.80 2.11 -0.27
10.66 26.27 0.41 0.04 9.62 -3.30 2.05 -0.06
10.69 26.27 0.42 0.03 9.62 -2.99 2.10 -0.15
10.71 26.13 0.39 0.01 9.58 -2.98 2.25 0.03
10.73 25.94 0.38 0.03 9.57 -2.89 1.97 -0.02
10.76 26.51 0.43 0.06 9.62 -3.12 1.91 -0.27
10.78 26.32 0.37 0.08 9.49 -3.07 2.20 0.05
10.80 26.32 0.41 0.02 9.59 -3.04 2.08 -0.23
10.82 26.18 0.42 0.01 9.58 -2.89 2.07 -0.09
10.85 26.46 0.39 0.05 9.61 -2.82 2.24 -0.13
10.87 26.32 0.38 0.03 9.60 -3.05 2.01 -0.22
10.90 26.27 0.37 0.01 9.64 -2.97 2.03 0.09
10.92 26.18 0.40 0.02 9.58 -2.86 1.83 -0.13
10.94 26.18 0.38 0.05 9.61 -3.11 1.84 0.21
10.96 26.18 0.37 0.05 9.60 -3.12 1.94 -0.11
10.99 26.32 0.41 0.02 9.58 -3.01 1.98 -0.30
11.01 26.46 0.38 0.01 9.61 -2.84 2.10 -0.22
11.03 26.32 0.40 0.03 9.58 -3.05 1.90 0.11
11.06 26.27 0.39 0.05 9.60 -2.92 1.85 0.07
11.08 26.13 0.39 0.02 9.62 -3.05 2.00 -0.31
11.10 26.27 0.38 0.03 9.58 -2.91 2.21 0.17
11.13 26.27 0.38 0.03 9.66 -3.00 2.16 -0.15
11.15 26.37 0.41 0.03 9.60 -2.86 2.08 -0.08
11.17 26.32 0.39 0.07 9.59 -2.93 1.87 -0.06
11.20 26.37 0.40 0.00 9.60 -3.00 2.18 -0.07
11.22 26.27 0.35 0.06 9.61 -3.10 2.05 -0.17
11.24 26.32 0.40 0.07 9.51 -2.89 1.86 0.14
11.27 26.18 0.37 0.01 9.55 -3.13 2.08 -0.08
11.29 26.37 0.38 0.03 9.60 -2.85 2.12 0.01
11.31 26.37 0.36 0.02 9.62 -3.01 2.00 -0.07
11.34 26.27 0.37 0.03 9.67 -3.00 1.95 -0.09
11.36 26.37 0.40 0.04 9.55 -2.73 1.99 -0.05
11.38 26.13 0.38 0.06 9.59 -2.95 1.92 0.06
11.41 26.13 0.44 0.64 9.62 -2.76 1.84 -1.98
11.43 26.13 0.31 -0.57 9.59 -2.63 2.20 0.00
11.45 26.37 0.40 0.02 9.58 -2.66 2.28 -0.15
11.48 26.13 0.46 0.01 9.63 -2.69 2.15 -0.29
11.50 26.32 0.37 0.06 9.61 -3.04 2.34 -0.05
11.52 26.32 0.39 0.05 9.64 -3.10 1.96 -0.01
11.55 26.27 0.40 0.04 9.63 -3.08 2.03 -0.43
11.57 26.32 0.40 0.04 9.58 -2.87 2.21 -0.15
11.59 26.27 0.39 0.05 9.58 -2.90 2.24 0.09
11.62 26.32 0.45 0.05 9.58 -2.74 2.24 0.00
11.64 26.32 0.42 0.01 9.62 -3.18 2.11 0.34
11.66 26.32 0.46 0.02 9.66 -2.99 2.19 0.17
11.69 26.32 0.48 0.03 9.64 -3.04 2.05 0.82
11.71 26.32 0.31 0.06 9.56 -2.11 2.51 0.21
11.73 26.13 0.39 0.08 9.62 -2.82 2.18 0.21
11.75 26.27 0.35 0.02 9.55 -2.94 2.11 -0.03
11.78 25.98 0.37 0.03 9.60 -2.95 1.92 -0.01
11.80 26.37 0.38 0.04 9.59 -2.71 2.50 -0.22
11.82 26.32 0.39 0.03 9.65 -2.75 2.32 -0.23
11.85 26.32 0.41 0.05 9.60 -3.08 2.34 0.16
11.87 26.27 0.38 0.06 9.62 -2.95 2.03 -0.05
11.89 26.32 0.39 0.05 9.59 -2.85 2.06 0.12
11.92 26.13 0.37 0.05 9.64 -3.08 2.11 0.05
11.94 26.18 0.40 0.05 9.60 -2.91 2.11 -0.01
11.96 26.32 0.38 0.04 9.64 -2.76 2.00 0.00
11.98 26.18 0.35 0.04 9.66 -2.86 2.11 -0.04
12.01 26.37 0.37 0.04 9.64 -3.08 2.06 -0.05
12.03 26.37 0.42 0.08 9.61 -3.11 1.93 -0.20
12.06 26.27 0.40 0.06 9.61 -3.40 2.34 0.18
12.08 26.32 0.41 0.05 9.59 -3.22 2.12 0.89
12.10 26.37 0.44 0.06 9.57 -3.48 2.18 2.79
12.13 26.13 0.38 0.06 9.56 -3.24 2.15 3.14
12.15 26.51 0.42 0.06 9.59 -2.88 2.09 3.57
12.17 26.37 0.49 -0.29 9.85 -2.94 2.39 4.36
12.19 25.98 0.38 0.05 9.59 -3.24 2.21 4.01
12.22 26.03 0.34 0.06 9.61 -2.96 2.26 3.42
12.24 26.37 0.38 0.05 9.62 -2.90 2.38 3.44
12.26 26.27 0.40 0.05 9.58 -2.92 1.92 4.07
12.28 26.32 0.43 0.06 9.61 -3.11 1.97 5.78
12.31 26.32 0.37 -0.01 9.65 -3.02 2.21 4.63
12.33 26.46 0.37 0.02 9.54 -3.18 2.32 5.34
12.35 26.27 0.39 0.05 9.56 -3.37 2.07 5.56
12.38 26.32 0.32 0.05 9.62 -2.95 1.95 4.90
12.40 26.32 0.40 0.07 9.70 -3.34 2.11 4.95
12.42 26.13 0.41 -0.00 9.60 -3.11 2.56 5.98
12.45 26.13 0.34 0.10 9.63 -2.56 2.09 4.78
12.47 26.13 0.33 0.03 9.60 -2.65 2.06 5.09
12.49 26.32 0.40 0.05 9.55 -3.17 2.15 4.46
12.52 26.27 0.38 0.06 9.60 -3.95 2.47 2.92
12.54 26.18 0.35 0.00 9.56 -4.32 2.36 3.46
12.56 26.37 0.40 0.02 9.62 -4.15 2.38 3.98
12.58 26.51 0.33 0.05 9.59 -3.53 1.91 2.69
12.61 26.37 0.36 -0.03 9.56 -3.12 1.85 0.84
12.63 26.18 0.40 0.08 9.65 -3.47 2.18 0.40
12.65 26.27 0.39 0.04 9.54 -3.66 2.05 -0.11
12.68 26.18 0.38 0.02 9.62 -3.59 2.22 0.15
12.70 26.18 0.41 0.00 9.64 -3.48 1.95 0.09
12.72 26.46 0.36 -0.00 9.52 -2.87 1.93 -0.01
12.75 26.13 0.40 0.01 9.61 -3.45 1.99 0.02
12.77 26.13 0.41 0.03 9.59 -4.55 2.11 0.16
12.79 26.27 0.34 -0.05 9.35 -3.27 2.15 0.26
12.81 26.27 0.39 -0.01 9.58 -3.56 2.11 -0.39
12.84 26.32 0.42 -0.09 9.43 -2.38 1.89 -0.17
12.86 26.18 0.32 -0.09 9.37 -0.91 1.54 -0.25
12.89 26.13 0.38 0.09 9.59 2.39 1.08 -0.49
12.91 26.32 0.36 0.07 9.67 0.21 1.65 -0.50
12.93 26.37 0.37 0.04 9.53 -1.56 1.79 0.12
12.96 26.46 0.41 0.00 9.56 -2.83 2.04 0.47
12.98 26.27 0.36 0.03 9.58 -2.70 2.34 1.23
13.00 26.27 0.40 0.17 9.67 -3.78 2.44 0.79
13.02 26.32 0.39 0.07 9.68 -2.31 2.05 1.65
13.05 26.32 0.39 0.02 9.64 -2.34 2.17 2.77
13.07 26.03 0.38 0.03 9.62 -2.48 2.17 2.58
13.09 26.32 0.35 0.05 9.63 -2.85 2.09 2.45
13.12 26.51 0.37 0.07 9.70 -2.99 2.11 0.60
13.14 26.32 0.36 0.05 9.60 -2.57 1.96 -0.03
13.16 25.98 0.39 0.13 9.65 -2.80 2.35 0.31
13.19 26.32 0.40 0.02 9.58 -2.78 2.17 0.03
13.21 26.32 0.39 0.05 9.63 -2.62 2.08 -0.24
13.23 26.27 0.39 0.06 9.63 -2.64 1.95 -0.18
13.25 26.32 0.38 0.08 9.62 -2.82 2.01 -0.06
13.28 26.37 0.40 0.06 9.58 -2.91 1.94 0.13
13.30 26.27 0.37 0.10 9.60 -3.18 1.75 -0.09
13.32 26.03 0.42 0.02 9.58 -3.54 2.00 0.34
13.35 26.37 0.27 -0.21 8.95 -2.82 2.10 0.54
13.37 26.56 0.39 0.04 9.41 -2.53 1.79 0.29
13.39 26.56 0.39 -0.01 9.59 -2.27 1.74 0.00
13.42 26.32 0.41 0.08 9.64 -1.63 1.98 0.11
13.44 25.98 0.30 0.04 9.62 -2.18 2.32 0.13
13.46 26.37 0.37 0.08 9.57 -2.47 2.17 -0.02
13.49 26.37 0.38 0.01 9.58 -2.49 2.20 0.81
13.51 26.46 0.45 0.04 9.58 -2.88 1.75 1.96
13.53 26.46 0.49 0.08 9.59 -2.86 2.11 5.82
13.55 26.46 0.45 0.05 9.64 -2.81 2.13 7.40
13.58 26.51 0.38 0.06 9.60 -2.63 2.16 7.45
13.60 26.27 0.35 0.37 9.72 3.37 1.95 7.97
13.62 26.32 0.50 0.02 9.63 7.97 2.39 13.53
13.65 26.18 0.53 0.09 9.51 2.73 2.17 20.17
13.67 26.37 0.48 0.09 9.55 2.23 2.39 20.53
13.69 26.27 0.52 0.37 9.64 -0.37 2.59 25.24
13.72 26.32 0.35 0.05 9.57 0.17 2.53 30.33
13.74 25.94 0.17 0.17 9.58 -1.53 2.77 26.56
13.76 26.27 0.31 0.18 9.59 -2.89 2.41 19.23
13.78 26.32 0.35 0.18 9.64 -3.17 2.40 15.76
13.81 26.27 0.38 0.23 9.58 -3.28 2.51 15.80
13.83 26.32 0.23 0.14 9.64 -3.08 2.50 15.86
13.85 26.51 0.42 0.25 9.59 -3.27 2.56 17.12
13.88 26.32 0.40 0.14 9.62 -2.98 2.53 15.85
13.90 26.18 0.39 0.17 9.58 -3.00 1.92 11.14
13.93 26.37 0.39 0.16 9.61 -2.96 2.25 10.44
13.95 26.37 0.30 0.22 9.58 -2.80 2.24 11.60
13.97 26.32 0.34 0.15 9.59 -3.31 2.41 9.87
14.00 26.56 0.45 0.19 9.58 -3.04 2.28 10.63
14.02 26.51 0.43 0.16 9.69 -3.16 2.50 12.17
14.04 26.37 0.32 0.17 9.64 -2.89 2.38 12.02
14.06 26.27 0.38 0.15 9.60 -3.08 2.16 10.08
14.09 26.32 0.34 0.17 9.64 -3.31 2.41 9.97
14.11 26.32 0.48 0.21 9.62 -3.07 2.08 11.54
14.13 26.32 0.43 0.21 9.59 -3.33 2.64 16.44
14.16 25.98 0.37 0.20 9.52 -3.02 2.75 20.44
14.18 26.37 0.28 0.16 9.58 -3.29 2.52 19.31
14.20 26.37 0.29 0.16 9.59 -3.52 2.35 11.85
14.23 26.27 0.43 0.19 9.59 -2.64 2.56 12.88
14.25 26.18 0.47 0.16 9.64 -2.97 2.55 13.03
14.27 26.32 0.41 0.20 9.60 -2.67 2.07 13.53
14.30 26.18 0.10 0.27 9.63 -3.65 2.54 11.21
14.32 26.27 0.51 0.19 9.63 -3.41 2.27 13.00
14.35 26.13 0.41 0.11 9.61 -3.06 2.33 17.92
14.37 26.32 0.43 0.17 9.67 -2.91 2.49 20.18
14.39 26.27 0.32 0.25 9.60 -3.18 2.53 20.24
14.42 25.98 0.47 0.12 9.55 -2.65 2.20 19.11
14.44 26.27 0.77 0.24 9.61 -3.40 2.69 23.98
14.46 26.51 0.42 0.18 9.59 -2.96 2.37 27.85
14.48 26.18 0.28 0.17 9.57 -3.08 2.57 22.60
14.51 26.32 0.38 0.13 9.58 -2.98 2.37 18.54
14.53 26.27 0.44 -0.02 9.62 -2.95 2.48 17.05
14.56 26.51 0.39 0.18 9.63 -3.13 2.51 18.30
14.58 26.46 0.51 0.11 9.60 -3.20 2.50 24.04
14.60 26.18 0.39 0.12 9.60 -3.40 2.71 26.64
14.63 26.37 0.23 0.17 9.38 -7.37 2.70 26.54
14.65 26.32 0.17 0.07 9.83 -12.13 2.08 20.23
14.67 26.37 0.41 0.06 9.53 -9.79 2.46 24.01
14.70 26.32 0.74 -0.06 9.62 -3.62 2.09 30.47
14.72 26.32 0.31 -0.12 9.59 -3.02 2.20 28.39
14.75 26.56 0.32 -0.08 9.62 -3.44 2.10 28.07
14.77 26.18 0.28 0.14 9.56 -4.64 1.97 23.97
14.79 26.27 0.22 0.22 9.60 -3.47 2.11 25.96
14.82 26.46 0.20 0.05 9.61 -3.21 2.05 29.02
14.84 26.32 0.38 -0.23 9.59 -3.18 2.33 24.58
14.86 26.37 0.33 0.05 9.54 -3.57 2.31 23.60
14.89 26.32 0.36 0.13 9.60 -3.41 2.24 27.08
14.91 26.37 0.13 -0.51 9.64 -3.51 2.40 24.80
14.93 25.98 0.31 0.05 9.58 -3.01 2.17 28.56
14.96 26.32 0.33 0.37 9.57 -3.24 2.05 28.51
14.98 26.27 0.24 -0.29 9.61 -3.55 2.08 30.10
15.00 26.32 0.27 -0.48 9.55 -3.53 2.47 33.12
15.03 26.32 0.37 0.58 9.57 -3.20 2.08 32.66
15.05 26.32 0.46 0.44 9.61 -3.12 2.31 30.79
15.07 26.37 0.36 0.03 9.62 -2.92 2.31 29.18
15.10 26.27 0.35 0.06 9.58 -3.26 2.27 24.83
15.12 26.46 0.37 0.27 9.57 -3.18 2.23 26.17
15.15 26.32 0.29 0.03 9.60 -3.06 2.19 28.44
15.17 26.27 0.08 -0.22 9.59 -3.18 2.17 32.94
15.19 26.51 0.11 -0.11 9.66 -2.68 2.27 36.13
15.22 26.37 0.48 0.15 9.59 -3.08 2.56 38.92
15.24 26.18 0.42 0.94 9.61 -3.20 2.15 35.60
15.26 26.18 0.37 -0.27 9.57 -3.44 2.50 39.24
15.29 26.37 0.59 0.49 9.45 -3.73 2.24 40.85
15.31 26.13 0.51 -0.52 9.63 -2.76 2.46 43.94
15.34 26.32 0.29 -0.97 9.66 -3.42 2.48 54.21
15.36 26.51 0.31 0.30 9.54 -3.84 2.53 62.21
15.38 26.32 0.71 -0.03 9.70 -3.23 2.46 57.77
15.41 26.32 0.53 -1.03 9.54 -2.95 2.74 62.71
15.43 26.32 0.28 0.01 9.54 -3.29 2.67 71.40
15.45 26.32 0.78 0.26 9.64 -3.66 2.44 67.77
15.48 26.32 0.84 -0.33 9.56 -4.19 2.15 69.33
15.50 26.51 0.21 -3.24 9.72 -2.51 2.50 55.73
15.52 26.37 0.15 0.54 9.58 -3.54 2.41 49.23
15.55 26.27 0.79 -2.10 9.63 -2.21 2.63 53.00
15.57 26.46 0.75 -1.53 9.55 -3.46 2.16 43.15
15.60 26.37 0.42 -0.59 9.55 -2.83 2.41 33.63
15.62 26.37 0.23 -0.54 9.61 -3.00 2.34 29.09
15.64 26.37 0.26 0.59 9.58 -3.78 2.07 26.88
15.67 26.37 0.21 -0.14 9.55 -3.40 2.26 29.73
15.69 26.51 0.33 0.30 9.62 -3.25 2.40 23.20
15.71 26.13 0.33 -0.21 9.59 -2.98 2.21 16.60
15.74 26.37 0.37 -0.13 9.65 -2.98 2.06 13.36
15.76 26.46 0.29 -0.11 9.64 -2.79 1.98 12.78
15.78 26.18 0.30 0.16 9.65 -2.85 2.31 12.75
15.81 26.46 0.24 -0.15 9.60 -2.99 1.96 12.34
15.83 26.18 0.22 0.14 9.61 -3.23 2.25 16.01
15.86 26.37 0.06 -0.14 9.61 -3.33 2.26 21.33
15.88 26.51 0.32 -0.04 9.68 -2.83 2.35 24.84
15.90 26.18 0.18 0.23 9.63 -2.79 2.49 31.27
15.93 26.27 0.26 0.45 9.56 -3.60 2.40 29.71
15.95 26.37 0.22 -0.29 9.62 -3.18 2.34 29.02
15.98 26.46 0.34 0.17 9.57 -3.35 2.31 23.52
16.00 26.46 0.39 0.24 9.55 -3.02 2.09 20.80
16.02 26.32 0.37 -0.16 9.60 -3.08 2.07 16.85
16.05 26.37 0.36 -0.25 9.59 -2.89 2.13 18.82
16.07 26.32 0.14 0.13 9.51 -3.31 2.12 25.67
16.09 26.18 0.02 -0.04 9.58 -3.05 2.27 36.06
16.12 26.37 -0.71 -1.08 9.66 -2.70 2.34 59.96
16.14 26.32 -1.98 0.43 9.53 -2.98 2.58 94.85
16.17 26.27 1.75 6.56 9.26 -7.48 1.95 93.00
16.19 26.37 1.19 -0.33 9.64 -3.18 2.84 78.93
16.21 26.32 0.75 -0.78 9.57 -3.23 2.54 64.80
16.24 26.32 0.72 1.30 9.61 -3.63 2.66 49.60
16.26 26.56 0.46 0.78 9.62 -3.44 2.05 35.27
16.28 26.27 0.30 -0.01 9.67 -2.85 2.19 22.76
16.31 26.46 0.24 0.00 9.56 -2.97 2.18 15.34
16.33 26.37 0.17 -0.03 9.58 -3.10 2.20 13.60
16.35 26.32 0.08 -0.34 9.57 -2.80 2.20 17.01
16.38 26.37 -0.01 -0.13 9.66 -3.10 2.43 19.34
16.40 26.37 -0.01 0.41 9.62 -2.88 2.21 21.17
16.43 26.13 0.26 -0.53 9.65 -3.02 2.35 24.13
16.45 26.37 0.15 -0.18 9.58 -3.25 1.92 20.06
16.47 26.37 0.30 -0.01 9.58 -3.15 2.03 18.73
16.50 26.37 0.33 -0.08 9.58 -2.95 2.21 17.93
16.52 26.27 0.25 0.12 9.57 -2.97 1.91 13.76
16.55 26.46 0.26 0.04 9.56 -3.06 2.21 12.79
16.57 26.37 0.32 -0.13 9.65 -3.10 2.05 11.95
16.59 26.46 0.27 -0.02 9.64 -2.60 2.03 11.46
16.62 26.46 0.23 -0.04 9.61 -3.07 2.14 11.55
16.64 26.37 0.23 -0.05 9.55 -2.92 1.92 12.87
16.67 26.37 0.18 -0.09 9.58 -3.02 2.24 13.92
16.69 26.37 0.30 -0.04 9.63 -3.21 2.21 13.41
16.71 26.37 0.26 -0.01 9.61 -3.21 2.15 13.18
16.74 26.37 0.24 0.03 9.60 -3.13 1.97 13.25
16.76 26.32 0.28 -0.06 9.58 -3.26 2.21 12.72
16.78 26.32 0.23 0.04 9.62 -3.05 1.85 11.94
16.81 26.80 0.24 -0.09 9.56 -2.57 2.02 11.96
16.83 26.32 0.26 0.03 9.61 -4.02 1.87 10.98
16.85 26.18 0.28 -0.05 9.67 -3.00 2.24 10.21
16.88 26.18 0.23 -0.01 9.51 -3.10 2.16 10.53
16.90 26.32 0.22 -0.05 9.54 -3.03 2.25 10.19
16.93 26.32 0.27 -0.21 9.55 -3.91 2.39 5.06
16.95 26.51 0.21 -0.03 9.55 -2.85 2.33 4.63
16.97 26.37 0.25 0.04 9.62 -3.00 2.08 3.63
17.00 26.32 0.24 -0.04 9.60 -2.89 1.89 2.69
17.02 26.51 0.22 -0.01 9.50 -3.15 2.05 1.69
17.04 26.37 0.24 0.03 9.46 -2.99 2.02 1.27
17.07 26.46 0.25 -0.05 9.57 -2.82 2.30 0.88
17.09 26.37 0.25 0.01 9.60 -2.95 1.98 0.51
17.11 26.32 0.23 0.03 9.55 -2.79 1.90 0.37
17.13 26.27 0.25 -0.04 9.62 -2.73 2.23 0.48
17.16 26.32 0.23 0.03 9.63 -2.82 2.04 -0.04
17.18 26.32 0.23 -0.03 9.57 -2.98 2.10 0.17
17.21 26.37 0.27 -0.08 9.59 -2.98 2.05 0.08
17.23 26.37 0.23 -0.04 9.61 -3.00 1.91 -0.05
17.25 26.51 0.25 -0.03 9.63 -2.91 2.25 -0.11
17.28 26.32 0.23 -0.03 9.58 -2.86 2.37 0.05
17.30 26.37 0.22 -0.03 9.59 -2.78 2.27 0.01
17.32 26.32 0.24 -0.04 9.62 -2.78 2.14 -0.17
17.35 26.37 0.24 -0.02 9.60 -2.64 2.13 0.05
17.37 26.18 0.26 -0.02 9.60 -2.91 2.02 -0.24
17.39 26.51 0.23 -0.01 9.61 -2.65 2.18 -0.22
17.42 26.32 0.22 -0.02 9.61 -2.88 1.95 0.11
17.44 26.32 0.21 -0.01 9.58 -2.82 2.16 0.11
17.47 26.46 0.24 0.02 9.56 -3.23 2.08 -0.11
17.49 26.32 0.22 0.02 9.58 -2.86 1.95 -0.16
17.51 26.27 0.23 -0.01 9.64 -3.00 2.27 0.02
17.54 26.32 0.21 0.01 9.67 -2.84 2.21 -0.21
17.56 26.18 0.21 0.01 9.58 -2.90 2.27 -0.27
17.58 26.51 0.26 -0.05 9.65 -2.90 1.96 -0.18
17.61 26.37 0.25 0.01 9.64 -2.54 1.95 -0.03
17.63 26.46 0.22 0.01 9.64 -2.94 1.90 0.10
17.65 26.37 0.23 0.00 9.56 -2.96 2.27 -0.15
17.68 26.03 0.24 -0.03 9.63 -3.07 1.96 0.08
17.70 26.27 0.21 -0.04 9.58 -2.87 2.10 -0.10
17.72 26.51 0.23 -0.01 9.64 -2.98 2.19 0.33
17.75 26.46 0.25 -0.02 9.61 -2.81 1.80 -0.29
17.77 26.27 0.23 0.00 9.66 -2.95 2.03 0.03
17.79 26.32 0.25 0.01 9.61 -2.98 2.16 -0.08
17.82 26.32 0.27 -0.00 9.61 -3.10 2.32 0.09
17.84 26.27 0.26 -0.04 9.63 -3.05 2.24 0.02
17.86 26.37 0.20 -0.04 9.61 -2.91 1.89 0.05
17.89 26.37 0.23 0.02 9.62 -2.94 2.20 0.04
17.91 26.46 0.22 -0.04 9.63 -2.82 2.08 -0.21
17.93 26.32 0.23 -0.05 9.60 -2.93 2.12 0.01
17.96 26.51 0.25 -0.05 9.66 -2.92 2.18 -0.01
17.98 26.32 0.21 -0.04 9.61 -2.83 2.27 -0.15
18.01 26.51 0.25 -0.03 9.63 -2.84 2.18 0.09
18.03 26.32 0.26 0.03 9.59 -2.81 2.29 -0.06
18.05 26.32 0.23 -0.00 9.60 -2.89 2.15 0.00
18.07 26.27 0.25 -0.03 9.58 -2.99 2.19 -0.40
18.10 26.32 0.22 -0.02 9.65 -3.15 2.21 0.10
18.12 26.37 0.24 -0.01 9.64 -2.94 2.31 -0.09
18.15 26.18 0.22 0.01 9.58 -2.89 2.13 -0.11
18.17 26.32 0.21 0.01 9.58 -2.85 2.12 0.14
18.19 26.27 0.20 0.01 9.59 -2.84 1.97 0.08
18.21 26.37 0.21 0.02 9.56 -3.09 1.98 -0.01
18.24 26.37 0.23 0.01 9.62 -2.85 2.10 -0.25
18.26 26.37 0.25 -0.01 9.58 -2.91 2.15 -0.11
18.29 26.32 0.26 0.00 9.59 -2.76 1.96 -0.14
18.31 26.32 0.26 -0.03 9.58 -3.24 1.93 -0.20
18.33 26.18 0.24 -0.02 9.61 -2.86 2.02 -0.21
18.36 26.37 0.24 0.01 9.65 -2.84 2.16 -0.33
18.38 26.37 0.21 0.02 9.63 -3.18 2.31 0.02
18.40 26.13 0.21 0.01 9.58 -2.99 2.06 -0.33
18.43 26.51 0.27 -0.02 9.58 -3.27 1.76 -0.45
18.45 26.37 0.26 -0.04 9.62 -3.04 1.90 -0.37
18.48 26.18 0.23 -0.01 9.62 -2.81 2.32 -0.15
18.50 26.32 0.24 0.03 9.61 -2.94 2.26 -0.32
18.52 26.37 0.22 -0.02 9.54 -2.72 1.96 -0.34
18.55 26.51 0.26 -0.02 9.64 -2.78 1.94 -0.48
18.57 26.18 0.26 -0.03 9.65 -2.91 2.03 -0.37
18.59 26.32 0.27 -0.01 9.58 -3.02 2.15 -0.33
18.62 26.27 0.21 0.02 9.59 -2.95 2.25 -0.54
18.64 26.37 0.24 -0.02 9.61 -3.18 2.06 -1.19
18.67 26.37 0.24 -0.01 9.61 -2.89 2.15 -1.49
18.69 26.46 0.24 -0.03 9.56 -2.93 2.15 -2.42
18.71 26.32 0.27 -0.03 9.58 -3.18 1.80 -3.05
18.74 26.32 0.24 0.03 9.63 -3.30 2.08 -3.58
18.76 26.46 0.24 -0.00 9.59 -2.93 2.01 -3.69
18.78 26.27 0.26 -0.03 9.60 -2.97 1.98 -3.94
18.81 26.51 0.22 -0.03 9.59 -2.94 2.16 -3.98
18.83 26.32 0.26 -0.02 9.55 -2.95 2.13 -4.38
18.86 26.46 0.27 0.01 9.55 -2.82 1.96 -4.92
18.88 26.27 0.21 -0.03 9.60 -2.89 1.97 -4.98
18.90 26.32 0.24 -0.01 9.62 -2.89 2.05 -5.47
18.93 26.13 0.23 -0.02 9.60 -3.11 1.88 -5.50
18.95 26.46 0.23 -0.01 9.61 -2.77 1.98 -4.96
18.97 26.56 0.25 -0.05 9.59 -2.84 2.19 -3.59
19.00 26.32 0.27 -0.01 9.62 -2.81 2.15 -4.40
19.02 26.46 0.26 -0.04 9.62 -2.91 2.05 -5.70
19.05 26.27 0.25 0.01 9.61 -2.73 1.99 -5.96
19.07 26.32 0.25 0.01 9.63 -3.13 2.36 -5.18
19.09 26.37 0.24 0.00 9.63 -2.85 1.91 -5.06
19.12 26.37 0.26 -0.04 9.65 -2.98 1.79 -5.19
19.14 26.03 0.25 0.00 9.59 -3.02 2.14 -6.12
19.17 26.37 0.23 0.03 9.55 -2.81 1.90 -6.76
19.19 26.51 0.24 -0.01 9.61 -2.99 1.64 -7.26
19.21 26.46 0.21 -0.00 9.60 -2.85 2.11 -6.88
19.24 26.27 0.26 -0.05 9.59 -2.97 1.75 -7.19
19.26 26.51 0.25 0.04 9.57 -3.03 2.05 -8.21
19.28 26.37 0.27 -0.01 9.62 -2.60 1.91 -8.58
19.31 26.37 0.20 0.01 9.62 -2.91 2.12 -8.54
19.33 26.46 0.28 0.01 9.64 -2.86 1.81 -8.68
19.35 26.32 0.26 0.01 9.60 -2.74 2.02 -9.05
19.38 26.51 0.23 0.03 9.64 -2.76 1.93 -8.57
19.40 26.32 0.26 0.00 9.59 -2.85 1.98 -8.82
19.42 26.56 0.21 0.00 9.58 -3.02 2.15 -10.05
19.45 26.37 0.24 -0.02 9.64 -2.94 1.98 -10.21
19.47 26.46 0.20 0.01 9.58 -2.98 1.79 -10.29
19.50 26.27 0.23 -0.07 9.58 -2.98 2.16 -10.93
19.52 26.51 0.26 -0.02 9.62 -2.97 1.98 -11.94
19.55 26.32 0.26 -0.05 9.57 -2.85 1.91 -13.27
19.57 26.51 0.25 -0.01 9.68 -2.73 1.73 -14.15
19.59 26.80 0.31 -0.06 9.57 -2.73 2.06 -14.63
19.62 26.65 0.25 -0.06 9.58 -2.94 1.90 -14.84
19.64 26.27 0.16 0.02 9.66 -2.92 1.82 -13.46
19.67 26.46 0.17 0.05 9.61 -3.28 1.95 -12.63
19.69 26.51 0.26 0.03 9.58 -2.90 1.80 -12.31
19.71 26.32 0.24 -0.06 9.61 -3.03 1.69 -12.12
19.74 26.32 0.33 -0.01 9.59 -2.92 2.17 -11.81
19.76 26.32 0.27 -0.00 9.59 -3.09 2.03 -12.01
19.79 26.51 0.24 0.03 9.59 -2.92 2.07 -13.31
19.81 26.37 0.27 -0.01 9.62 -2.75 2.09 -13.84
19.84 26.32 0.21 -0.01 9.64 -2.99 1.69 -14.04
19.86 26.46 0.30 -0.02 9.60 -2.77 1.67 -13.22
19.89 26.46 0.27 -0.03 9.57 -3.01 1.93 -11.83
19.91 26.51 0.19 0.01 9.58 -3.07 2.17 -9.18
19.93 26.51 0.23 -0.02 9.57 -3.21 1.85 -7.05
19.96 26.18 0.25 -0.05 9.62 -3.17 1.99 -7.20
19.98 26.37 0.32 -0.05 9.59 -2.82 2.02 -7.69
20.00 26.37 0.32 0.00 9.58 -2.99 1.89 -8.16
20.03 26.37 0.30 0.02 9.56 -2.98 2.05 -10.20
20.05 26.51 0.33 -0.02 9.63 -2.85 2.17 -12.36
20.08 26.51 0.22 -0.01 9.57 -3.03 1.92 -12.31
20.10 26.37 0.22 -0.03 9.61 -3.09 1.88 -10.73
20.13 26.37 0.33 -0.03 9.64 -3.13 2.08 -11.15
20.15 26.37 0.18 -0.00 9.62 -2.81 2.01 -11.23
20.17 26.32 0.21 -0.01 9.62 -3.04 1.74 -9.85
20.20 26.46 0.28 -0.03 9.62 -3.06 1.92 -10.15
20.22 26.37 0.26 -0.00 9.61 -2.79 2.03 -11.21
20.25 26.56 0.22 -0.03 9.59 -2.98 2.18 -11.06
20.27 26.32 0.20 -0.02 9.61 -3.02 2.30 -9.73
20.30 26.46 0.29 -0.02 9.61 -3.13 2.21 -3.60
20.32 26.27 0.25 -0.02 9.58 -2.92 2.08 -4.89
20.34 26.56 0.24 -0.04 9.59 -2.48 2.11 -3.60
20.37 26.32 0.21 0.05 9.56 -2.89 1.95 -6.68
20.39 26.32 0.40 -0.01 9.58 -2.78 1.73 -8.96
20.42 26.32 0.26 -0.02 9.58 -3.27 1.96 -9.30
20.44 26.51 0.21 -0.01 9.63 -2.95 2.17 -7.53
20.46 26.37 0.31 -0.05 9.62 -2.99 2.11 -8.15
20.49 26.56 0.26 -0.03 9.60 -2.85 2.02 -10.26
20.51 26.51 0.42 -0.02 9.64 -2.98 2.29 -15.92
20.54 26.37 0.37 -0.06 9.61 -2.65 1.77 -22.44
20.56 26.32 0.44 -0.06 9.61 -3.05 1.84 -29.05
20.58 26.51 0.27 -0.04 9.59 -2.76 1.77 -33.29
20.61 26.65 0.21 0.01 9.56 -2.89 1.90 -31.23
20.63 26.37 0.19 0.01 9.56 -2.81 1.98 -25.74
20.66 26.46 0.08 0.08 9.61 -3.27 1.62 -20.19
20.68 26.37 0.16 -0.03 9.63 -2.98 2.01 -13.70
20.70 26.51 0.24 -0.01 9.61 -2.82 2.01 -9.99
20.73 26.27 0.24 -0.05 9.57 -2.86 1.87 -8.11
20.75 26.32 0.28 -0.05 9.59 -2.71 2.02 -7.20
20.78 26.37 0.26 -0.04 9.58 -2.89 2.02 -7.96
20.80 26.37 0.31 -0.02 9.65 -3.04 1.84 -8.91
20.82 26.37 0.32 -0.05 9.64 -2.91 2.18 -10.05
20.85 26.51 0.34 -0.02 9.63 -2.91 1.90 -12.31
20.87 26.32 0.32 -0.01 9.63 -2.80 2.08 -13.44
20.90 26.51 0.32 -0.02 9.58 -2.89 2.03 -14.53
20.92 26.27 0.33 -0.00 9.58 -2.84 1.98 -17.79
20.95 26.37 0.25 -0.05 9.62 -2.87 1.85 -18.38
20.97 26.27 0.26 0.01 9.65 -2.94 1.70 -18.69
21.00 26.37 0.14 0.02 9.59 -3.00 1.82 -7.83
21.02 26.51 0.16 0.13 9.60 -3.37 2.00 -0.39
21.04 26.32 0.32 -0.14 9.67 -3.11 1.85 -0.24
21.07 26.56 0.32 -0.05 9.58 -4.03 1.63 -0.21
21.09 26.32 0.27 -0.02 9.66 -4.08 1.68 -0.05
21.11 26.32 0.29 -0.00 9.61 -3.15 2.08 0.02
21.14 26.51 0.27 0.03 9.64 -3.07 2.13 -0.02
21.16 26.27 0.31 -0.03 9.60 -2.90 1.93 0.07
21.18 26.32 0.30 -0.01 9.60 -3.21 1.82 -0.09
21.21 26.18 0.31 0.02 9.67 -3.08 2.20 -0.15
21.23 26.51 0.29 0.00 9.62 -2.83 2.37 0.15
21.25 26.37 0.28 -0.05 9.60 -2.76 2.02 -0.43
21.28 26.37 0.26 -0.03 9.67 -2.82 2.08 -0.13
21.30 26.32 0.27 -0.03 9.63 -2.74 1.98 -0.16
21.33 26.51 0.31 -0.04 9.63 -3.08 1.93 0.02
21.35 26.51 0.28 0.00 9.61 -3.07 2.21 -0.09
21.37 26.65 0.26 0.01 9.64 -2.93 2.02 -0.24
21.40 26.46 0.21 -0.36 9.00 -2.46 2.54 -0.03
21.42 26.37 0.46 2.26 9.68 -2.92 2.11 -4.96
21.44 26.70 0.24 -1.05 9.47 -4.83 2.86 -19.59
21.47 26.37 0.20 -1.63 9.85 -1.33 2.05 -0.32
21.49 26.27 0.33 0.05 9.68 -2.02 2.22 -0.28
21.51 26.37 0.25 0.08 9.66 -2.27 2.05 -1.92
21.54 26.32 0.28 0.32 9.53 -3.24 1.98 -5.63
21.56 26.32 0.38 0.12 9.61 -2.76 2.12 -10.61
21.58 26.51 0.29 -0.26 9.59 -2.87 1.86 -12.25
21.61 26.37 0.23 0.00 9.58 -3.21 2.06 -9.38
21.63 26.51 0.38 0.31 9.59 -2.90 2.18 -11.49
21.66 26.51 0.38 0.38 9.57 -3.28 1.73 -18.78
21.68 26.51 0.36 0.29 9.65 -2.82 1.99 -25.27
21.70 26.56 0.20 0.25 9.60 -3.04 1.78 -33.10
21.73 26.37 1.82 -18.32 9.96 -1.61 2.40 -8.54
21.75 26.32 0.29 0.11 9.58 -3.51 1.95 -14.59
21.78 26.37 0.35 0.09 9.58 -2.95 1.92 -17.76
21.80 26.32 0.65 -0.10 9.67 -1.71 2.28 -22.52
21.83 26.46 0.28 -0.50 9.64 -2.62 2.09 -26.98
21.85 26.32 0.31 0.10 9.58 -2.97 1.95 -29.50
21.87 26.32 0.49 0.24 9.60 -2.81 1.52 -36.16
21.90 26.37 0.54 -0.02 9.67 -2.80 1.79 -42.08
21.92 26.37 0.13 0.96 9.53 -3.60 1.81 -45.36
21.95 26.32 0.39 -2.10 9.62 -2.22 1.79 -43.28
21.97 26.56 0.04 0.05 9.61 -2.34 1.68 -40.72
22.00 26.32 0.10 -0.38 9.62 -2.41 1.82 -29.92
22.02 26.46 0.17 -0.38 9.62 -2.67 2.15 -25.15
22.04 26.51 0.28 -0.02 9.61 -2.86 2.02 -22.67
22.07 26.56 0.32 -0.04 9.58 -2.53 1.84 -23.54
22.09 26.27 0.15 -0.05 9.58 -2.96 1.95 -27.66
22.12 26.51 1.86 -1.78 9.62 -2.23 1.88 -30.80
22.14 26.51 -0.20 1.71 9.60 -3.65 1.52 -44.14
22.17 26.37 0.40 1.27 9.70 -2.44 1.83 -52.53
22.19 26.46 -0.51 2.10 9.49 -3.79 1.26 -62.77
22.21 26.46 2.26 -1.71 9.70 -2.38 1.87 -57.58
22.24 26.32 -0.11 -0.01 9.53 -3.08 1.69 -50.31
22.26 26.32 1.25 -0.15 9.51 -3.02 1.84 -43.50
22.29 26.13 0.09 0.25 9.62 -3.19 1.68 -43.33
22.31 26.37 -0.35 0.26 9.58 -2.48 1.77 -40.47
22.34 26.51 0.33 -0.05 9.64 -2.92 1.72 -35.13
22.36 26.56 0.01 0.54 9.60 -2.90 2.10 -36.09
22.38 26.46 -0.16 -0.05 9.58 -2.82 1.96 -38.15
22.41 26.03 -0.57 -0.56 9.62 -2.55 1.98 -42.89
22.43 26.56 0.16 0.82 9.62 -3.09 1.75 -48.68
22.46 26.46 0.02 -0.46 9.62 -2.97 1.81 -51.92
22.48 26.27 0.59 -0.29 9.61 -2.56 1.88 -53.31
22.51 26.51 0.63 -0.28 9.59 -2.85 2.00 -48.20
22.53 26.37 -0.83 0.67 9.58 -2.89 1.65 -49.59
22.56 26.37 0.75 -0.38 9.64 -2.61 1.79 -46.47
22.58 26.51 0.86 -0.90 9.69 -2.33 1.82 -51.05
22.60 26.51 -0.22 -0.11 9.63 -3.25 1.66 -52.33
22.63 26.46 0.54 0.66 9.65 -2.53 1.90 -53.70
22.65 26.37 -0.06 -0.47 9.61 -3.20 1.41 -53.00
22.68 26.46 -0.17 0.13 9.52 -2.78 1.86 -55.68
22.70 26.32 0.10 -1.41 9.60 -2.69 1.56 -53.20
22.73 26.46 0.29 -0.14 9.61 -2.45 1.96 -46.34
22.75 26.32 0.19 -0.07 9.59 -2.82 1.39 -41.08
22.78 26.37 0.54 -0.46 9.63 -2.69 2.01 -35.45
22.80 26.46 0.33 -0.42 9.61 -2.34 2.05 -33.01
22.83 26.37 0.47 0.15 9.67 -2.58 2.11 -33.62
22.85 26.46 0.31 -0.16 9.63 -3.11 1.53 -44.02
22.87 26.37 0.69 0.14 9.64 -3.18 1.79 -47.40
22.90 26.46 0.51 0.03 9.59 -2.62 1.79 -44.83
22.92 26.56 0.44 0.03 9.60 -3.20 1.79 -38.31
22.95 26.37 0.32 -0.17 9.58 -2.82 1.98 -24.29
22.97 26.37 0.73 -0.11 9.60 -2.74 1.97 -4.22
22.99 26.37 0.38 0.04 9.61 -3.42 2.07 0.09
23.02 26.32 0.41 0.04 9.61 -2.93 2.04 -0.03
23.04 26.46 0.40 0.03 9.57 -3.20 2.18 -0.04
23.06 26.51 0.38 0.06 9.62 -2.76 2.00 -0.13
23.09 26.37 0.35 0.03 9.55 -3.07 2.22 -0.05
23.11 26.32 0.41 0.03 9.57 -2.93 1.79 -0.27
23.13 26.51 0.40 0.01 9.58 -2.81 2.05 0.11
23.16 26.46 0.41 0.02 9.66 -2.92 1.95 -0.15
23.18 26.32 0.39 -0.01 9.61 -2.98 2.13 -0.12
23.20 26.37 0.39 0.01 9.62 -3.09 1.76 0.27
23.23 26.46 0.31 0.03 9.64 -3.35 2.02 -0.06
23.25 26.37 0.39 -0.01 9.64 -2.60 2.08 0.21
23.27 26.46 0.40 0.06 9.58 -3.10 2.21 -0.13
23.30 26.65 0.41 0.02 9.69 -2.51 2.40 -0.11
23.32 26.51 0.31 0.23 9.60 -2.60 2.09 -1.79
23.34 26.27 0.40 -0.00 9.59 -2.73 1.93 -1.92
23.37 26.51 0.37 0.04 9.59 -3.00 2.05 -4.12
23.39 26.27 0.26 0.09 9.58 -3.05 2.03 -10.34
23.42 26.37 0.31 0.08 9.62 -2.85 2.02 -12.85
23.44 26.27 0.09 0.05 9.60 -3.31 1.72 -13.60
23.46 26.18 0.32 -0.01 9.62 -3.11 1.85 -17.95
23.49 26.56 0.15 0.10 9.62 -2.98 1.96 -21.74
23.51 26.37 -0.31 0.39 9.55 -2.56 2.03 -30.89
23.54 26.51 1.06 -0.92 9.63 -2.73 1.85 -26.18
23.56 26.51 3.34 0.71 9.43 -3.46 1.63 -13.75
23.58 26.32 0.37 0.03 9.54 -3.01 1.97 -13.91
23.61 26.27 0.47 0.28 9.64 -2.04 2.01 -15.16
23.63 26.37 0.25 0.06 9.63 -2.87 1.97 -17.50
23.66 26.32 0.40 -0.04 9.62 -3.10 2.05 -18.25
23.68 26.37 0.29 -0.28 9.61 -2.74 1.84 -15.50
23.70 26.37 0.30 -0.12 9.61 -2.69 2.22 -16.23
23.73 26.65 0.32 -0.02 9.60 -2.74 1.94 -21.33
23.75 26.65 0.34 -0.77 9.57 -2.76 1.98 -25.50
23.78 26.46 0.46 0.12 9.66 -3.24 1.91 -22.34
23.80 26.27 0.40 -0.00 9.64 -3.26 1.98 -19.34
23.83 26.46 0.43 -0.03 9.64 -2.66 1.92 -16.69
23.85 26.51 0.34 0.03 9.60 -3.27 1.87 -17.63
23.87 26.56 0.35 0.39 9.67 -3.69 1.98 -20.36
23.90 26.37 0.50 -0.44 9.65 -3.51 2.01 -20.69
23.92 26.46 0.31 0.11 9.62 -3.15 2.11 -20.98
23.95 26.51 0.31 0.28 9.71 -3.10 1.94 -28.27
23.97 26.51 0.43 -0.10 9.58 -3.05 2.02 -27.47
24.00 26.13 0.53 -0.69 9.68 -3.32 2.02 -24.85
24.02 26.32 0.35 0.03 9.62 -3.26 2.02 -14.58
24.04 26.56 0.51 -0.01 9.60 -2.76 2.03 -6.76
24.07 26.32 0.38 0.03 9.59 -2.82 2.12 -5.40
24.09 26.37 0.40 0.05 9.51 -2.89 2.22 0.08
24.11 26.46 0.40 0.04 9.60 -2.88 2.18 0.17
24.14 26.27 0.35 0.06 9.57 -2.85 2.08 -0.07
24.16 26.32 0.35 0.06 9.60 -3.01 2.24 0.15
24.18 26.46 0.39 0.07 9.55 -3.13 2.08 -0.05
24.21 26.37 0.35 0.06 9.57 -3.20 2.43 -0.12
24.23 26.37 0.37 -0.10 9.68 -3.68 2.40 0.21
24.25 26.27 0.39 0.10 9.55 -4.51 2.69 1.07
24.28 26.27 0.41 0.06 9.61 -3.34 2.11 0.76
24.30 26.51 0.39 0.06 9.55 -3.06 2.11 -0.21
24.32 26.65 0.37 0.03 9.59 -2.90 1.79 -0.11
24.35 26.46 0.43 0.03 9.58 -2.95 2.00 0.51
24.37 26.32 0.11 -0.17 9.55 -3.47 1.69 0.99
24.39 26.46 0.38 0.16 9.69 -2.95 2.09 0.77
24.42 26.51 0.38 0.05 9.58 -2.94 2.17 0.18
24.44 26.46 0.38 0.05 9.63 -3.19 1.97 0.26
24.46 26.18 0.41 0.06 9.59 -2.93 1.98 0.10
24.48 26.32 0.38 0.06 9.63 -3.00 2.09 0.04
24.51 26.32 0.37 0.06 9.62 -3.05 1.98 0.24
24.53 26.46 0.41 0.06 9.63 -2.94 2.14 0.11
24.55 26.56 0.36 0.06 9.59 -2.93 2.15 -0.28
24.58 26.51 0.37 0.05 9.59 -3.02 1.89 0.12
24.60 26.37 0.40 0.05 9.58 -3.05 1.94 -0.04
24.62 26.37 0.36 0.02 9.60 -3.02 2.11 -0.24
24.65 26.51 0.41 0.07 9.58 -2.87 2.32 -0.11
24.67 26.18 0.41 0.05 9.62 -2.98 2.30 0.31
24.69 26.32 0.44 0.04 9.58 -3.06 2.17 -0.24
24.72 26.27 0.39 0.02 9.64 -3.05 1.99 0.15
24.74 26.32 0.38 0.00 9.57 -2.79 2.09 0.06
24.76 26.51 0.38 0.01 9.62 -3.02 1.98 0.13
24.78 26.51 0.37 0.06 9.58 -3.07 2.05 0.00
24.81 26.37 0.44 0.05 9.60 -3.25 2.23 -0.11
24.83 26.37 0.37 0.05 9.66 -2.79 2.08 0.03
24.85 26.27 0.40 0.04 9.69 -2.99 2.01 -0.05
24.88 26.51 0.36 0.06 9.59 -3.00 2.04 -0.02
24.90 26.32 0.38 0.08 9.60 -2.98 1.95 0.13
24.92 26.46 0.42 0.07 9.62 -2.77 2.30 -0.27
24.95 26.32 0.42 0.04 9.62 -3.22 2.19 -0.12
24.97 26.32 0.40 0.04 9.58 -3.04 2.05 -0.08
24.99 26.32 0.41 0.05 9.65 -2.92 2.11 0.19
25.02 26.51 0.40 0.02 9.58 -3.03 2.08 -0.18
25.04 26.65 0.40 0.08 9.60 -3.08 2.12 0.03
25.06 26.32 0.41 0.07 9.58 -2.98 1.98 -0.03
25.09 26.32 0.40 0.04 9.56 -2.81 1.96 0.25
25.11 26.37 0.40 0.08 9.59 -3.00 1.92 -0.13
25.13 26.51 0.37 0.05 9.62 -2.81 2.18 0.05
25.15 26.51 0.40 0.04 9.52 -2.81 2.14 -0.40
25.18 26.32 0.39 0.06 9.61 -3.00 2.06 0.07
25.20 26.46 0.43 0.03 9.58 -3.34 1.98 -0.02
25.22 26.37 0.36 0.05 9.63 -3.05 1.80 -0.21
25.25 26.51 0.38 0.03 9.54 -2.74 2.20 0.05
25.27 26.37 0.41 0.01 9.62 -3.23 2.28 -0.03
25.29 26.37 0.37 0.04 9.62 -2.94 2.15 0.11
25.32 26.46 0.40 0.05 9.57 -2.86 2.16 -0.03
25.34 26.32 0.38 0.08 9.60 -2.70 2.34 -0.07
25.36 26.32 0.42 0.01 9.59 -3.05 2.11 -0.06
25.39 26.32 0.39 0.05 9.60 -2.85 2.01 0.13
25.41 26.18 0.43 0.04 9.62 -2.79 2.24 0.19
25.43 26.46 0.39 0.06 9.60 -3.16 2.32 0.19
25.46 26.37 0.35 0.05 9.67 -2.73 2.27 -0.08
25.48 26.27 0.39 0.01 9.60 -2.56 2.23 0.14
25.50 26.65 0.39 0.05 9.64 -3.19 2.43 0.37
25.53 26.51 0.38 0.04 9.64 -2.96 2.07 0.63
25.55 26.56 0.39 0.03 9.59 -2.88 2.10 1.86
25.57 26.46 0.40 0.07 9.60 -2.85 2.04 1.88
25.59 26.37 0.44 0.04 9.55 -3.09 2.28 2.15
25.62 26.37 0.37 0.07 9.60 -3.53 2.10 2.33
25.64 26.51 0.33 0.05 9.54 -2.92 2.16 2.17
25.66 26.51 0.34 -0.01 9.51 -2.75 1.89 0.76
25.69 26.51 0.42 0.06 9.63 -3.34 2.05 1.23
25.71 26.37 0.38 0.05 9.61 -3.29 2.18 1.27
25.73 26.32 0.42 0.05 9.63 -3.26 2.01 1.18
25.75 26.37 0.37 0.06 9.63 -3.19 2.03 1.21
25.78 26.32 0.38 0.02 9.61 -3.11 2.02 0.79
25.80 26.27 0.40 0.04 9.61 -3.49 2.11 0.71
25.82 26.18 0.38 0.05 9.55 -3.34 2.10 2.25
25.85 26.32 0.39 0.02 9.58 -2.98 2.00 2.92
25.87 26.46 0.33 0.04 9.60 -2.96 2.10 3.04
25.89 26.65 0.42 0.04 9.64 -2.70 2.02 2.85
25.92 26.51 0.45 0.09 9.64 -3.24 1.97 4.35
25.94 26.32 0.46 0.01 9.62 -2.93 2.12 6.08
25.96 26.46 0.33 0.02 9.69 -3.88 2.25 5.98
25.98 26.51 0.42 0.04 9.63 -3.53 2.14 6.92
26.01 26.51 0.39 0.01 9.60 -4.79 2.41 8.15
26.03 26.37 0.43 -0.00 9.61 -4.39 2.55 8.52
26.05 26.56 0.15 -0.18 9.70 -3.53 2.36 7.24
26.08 26.46 0.35 0.03 9.61 -3.31 2.04 6.45
26.10 26.46 0.38 0.04 9.60 -3.61 2.50 7.11
26.12 26.46 0.38 -0.06 9.53 -3.47 2.27 7.38
26.14 26.51 0.35 -0.02 9.61 -4.21 2.44 7.07
26.17 26.65 0.35 0.09 9.73 -3.84 2.07 7.03
26.19 26.56 0.30 -0.01 9.61 -1.56 1.72 5.82
26.21 26.27 0.38 -0.04 9.57 -3.47 2.37 5.42
26.24 26.56 0.39 -0.16 9.50 -3.73 2.12 7.12
26.26 26.51 0.36 -0.03 9.62 -3.57 2.04 8.37
26.29 26.37 0.33 0.00 9.61 -2.35 1.92 6.69
26.31 26.80 0.44 -0.00 9.61 -2.87 1.85 8.14
26.33 26.46 0.40 0.01 9.58 -3.22 1.95 9.16
26.35 26.27 0.41 -0.04 9.63 -3.69 2.44 9.02
26.38 26.37 0.46 0.06 9.71 -4.00 2.25 10.88
26.40 26.37 0.40 -0.00 9.68 -3.44 2.25 10.99
26.42 26.37 0.25 -0.17 9.36 -1.21 1.76 8.98
26.45 26.51 0.40 0.01 9.64 -3.26 2.21 9.18
26.47 26.32 0.39 -0.02 9.69 -3.12 2.44 10.82
26.50 26.37 0.43 0.16 9.41 -2.95 2.34 15.94
26.52 26.46 0.44 0.02 9.64 -3.34 2.08 14.19
26.54 26.46 0.56 0.05 9.64 -3.08 2.21 13.59
26.56 26.46 0.43 0.01 9.62 -3.26 1.98 15.79
26.59 26.32 0.39 0.01 9.73 -3.66 2.27 19.12
26.61 26.56 0.49 -0.06 9.58 -3.15 2.18 19.36
26.64 26.51 0.39 -0.01 9.68 -3.86 2.46 16.79
26.66 26.32 0.43 -0.02 9.43 -3.03 2.00 19.35
26.68 26.51 0.70 -1.24 9.78 -3.37 2.58 26.34
26.71 26.46 0.36 0.08 9.55 -3.55 2.15 12.51
26.73 26.56 0.51 -0.13 9.68 -4.72 2.24 17.38
26.76 26.65 0.25 -1.15 9.64 -3.98 1.89 33.92
26.78 26.46 0.42 -0.62 9.70 -4.45 2.15 31.53
26.80 26.56 0.29 0.66 9.65 -6.05 2.53 12.26
26.83 26.46 0.27 -0.00 9.13 -1.63 1.95 8.32
26.85 26.46 0.43 -0.46 9.44 0.11 1.36 10.31
26.87 26.51 0.21 -0.14 9.53 4.34 0.76 2.92
26.90 26.37 1.38 -0.39 9.68 10.18 -3.19 1.46
26.92 26.51 -0.06 0.09 9.58 -3.13 1.76 -0.11
26.94 26.46 0.09 0.08 9.56 -2.90 1.91 -0.04
26.97 26.32 0.30 0.06 9.59 -2.72 2.22 -0.07
26.99 26.51 0.37 0.04 9.59 -2.83 2.03 0.24
27.01 26.56 0.40 0.02 9.61 -2.95 2.01 0.03
27.04 26.65 0.41 0.03 9.59 -2.89 2.14 -0.10
27.06 26.80 0.39 0.02 9.60 -2.92 2.11 0.06
27.08 26.18 0.40 0.03 9.61 -2.91 2.27 -0.13
27.11 26.56 0.36 0.02 9.64 -3.21 2.23 -0.05
27.13 26.27 0.35 -0.00 9.57 -2.98 2.06 -0.18
27.15 26.51 0.35 0.02 9.58 -2.98 2.15 0.02
27.18 26.51 0.33 0.02 9.60 -3.06 2.05 -0.02
27.20 26.65 0.12 -0.58 7.20 -5.85 2.99 0.00
27.22 26.46 0.41 0.18 10.05 -1.01 0.98 0.02
27.25 26.32 0.41 0.00 9.60 -2.34 1.76 -0.01
27.27 26.32 0.53 -0.02 9.55 -2.15 2.02 4.38
27.29 26.56 0.35 0.00 9.56 -2.84 2.18 9.23
27.32 26.46 0.52 0.09 9.70 -2.81 2.28 15.18
27.34 26.37 0.51 0.00 9.66 -3.25 2.13 20.81
27.36 26.32 0.32 -0.32 9.66 -3.68 2.25 19.44
27.39 26.56 1.07 -2.87 10.10 -5.40 2.42 19.24
27.41 26.37 0.41 0.73 9.57 -2.64 1.81 25.55
27.43 26.37 0.42 0.11 9.68 -3.21 2.12 30.70
27.46 26.70 0.63 -0.29 9.65 -3.42 2.01 39.56
27.48 26.51 0.40 -1.11 9.63 -3.20 1.96 47.64
27.51 26.65 0.21 -1.49 9.56 -3.14 1.93 51.58
27.53 26.32 0.15 -0.21 9.59 -3.29 2.35 34.26
27.55 26.51 0.21 -0.24 9.63 -3.14 2.15 25.93
27.58 26.27 0.68 -0.71 9.67 -3.31 2.12 30.24
27.60 26.51 0.34 0.95 9.59 -3.28 2.30 34.72
27.62 26.27 0.32 -0.20 9.57 -2.65 2.28 30.70
27.65 26.56 0.18 1.13 9.54 -2.92 1.95 29.20
27.67 26.70 0.43 -0.42 9.72 -2.66 2.40 33.78
27.70 26.37 0.58 0.56 9.55 -3.51 2.18 46.12
27.72 26.56 0.32 0.23 9.54 -3.23 2.45 52.47
27.74 26.37 0.02 0.30 9.68 -3.31 2.28 38.13
27.77 26.32 0.48 -0.42 9.60 -3.00 1.95 31.64
27.79 26.56 0.54 -0.11 9.67 -3.21 2.46 45.27
27.81 26.37 0.41 -0.80 9.62 -2.02 2.42 45.50
27.84 26.46 0.23 0.48 9.59 -3.01 2.40 36.69
27.86 26.32 0.57 -0.86 9.63 -2.45 2.13 41.26
27.89 26.27 0.27 0.16 9.70 -2.91 2.35 50.21
27.91 26.18 0.49 -1.06 9.54 -2.89 2.43 55.51
27.93 26.51 0.46 -0.71 9.58 -3.41 2.11 48.56
27.96 26.37 0.29 0.73 9.56 -2.53 2.81 49.21
27.98 26.46 0.58 -0.09 9.55 -2.61 2.68 51.37
28.00 26.27 0.57 0.60 9.69 -3.66 2.23 59.21
28.03 26.46 0.24 0.72 9.59 -3.79 2.53 51.21
28.05 26.37 0.05 1.04 9.59 -3.07 2.38 48.39
28.07 26.32 0.35 1.38 9.48 -2.56 2.48 45.98
28.10 26.32 0.33 0.75 9.58 -3.88 1.93 43.10
28.12 26.37 0.34 0.06 9.62 -2.89 2.33 44.73
28.14 26.37 0.40 0.05 9.62 -2.31 2.40 45.13
28.17 26.51 0.08 0.84 9.56 -3.19 2.32 47.34
28.19 26.37 0.68 -0.60 9.57 -3.35 2.11 41.18
28.22 26.32 -0.01 0.24 9.59 -2.34 2.49 31.32
28.24 26.51 0.33 0.12 9.60 -2.90 2.08 24.41
28.26 26.32 0.38 -0.48 9.61 -2.91 2.22 26.66
28.29 26.32 0.53 -0.51 9.59 -2.96 2.25 29.92
28.31 26.51 0.35 -0.23 9.54 -3.72 2.22 34.10
28.33 26.51 0.36 0.14 9.53 -1.53 2.63 35.88
28.36 26.46 0.38 0.25 9.62 -3.02 2.49 33.60
28.38 26.51 0.22 -0.54 9.64 -2.98 2.31 39.48
28.40 26.46 0.57 -0.58 9.57 -3.48 2.28 45.02
28.43 26.56 -0.02 -0.68 9.69 -2.56 2.60 58.85
28.45 26.18 0.49 -0.42 9.58 -3.31 2.50 59.69
28.48 26.46 0.14 -0.12 9.64 -3.22 2.16 65.98
28.50 26.56 0.23 0.79 9.61 -3.24 2.30 61.72
28.52 26.56 0.46 0.30 9.58 -3.40 2.39 49.60
28.55 26.37 0.31 0.21 9.53 -3.61 1.99 40.87
28.57 26.37 0.41 -0.29 9.63 -3.21 2.59 37.60
28.60 26.32 0.25 -0.03 9.58 -2.82 2.21 34.01
28.62 26.51 0.23 0.33 9.66 -3.30 2.18 31.07
28.64 26.65 0.37 0.01 9.64 -3.33 2.37 27.46
28.67 26.65 0.28 -0.13 9.64 -3.15 2.26 27.11
28.69 26.51 0.38 -0.43 9.65 -3.00 2.24 31.95
28.71 26.46 0.40 -0.35 9.62 -3.20 2.13 38.87
28.74 26.56 0.23 0.53 9.57 -3.23 2.28 34.40
28.76 26.51 0.13 0.09 9.56 -2.83 2.45 31.30
28.78 26.51 0.19 0.01 9.67 -3.02 2.28 30.84
28.81 26.56 0.18 -0.28 9.57 -2.18 1.88 37.17
28.83 26.51 0.09 0.03 9.62 -3.34 2.34 39.06
28.86 26.56 -0.40 0.60 9.62 -3.03 2.44 45.05
28.88 26.32 0.55 0.57 9.66 -3.43 2.13 37.66
28.90 26.32 0.59 0.34 9.59 -3.18 2.23 21.64
28.93 26.56 0.48 -0.11 9.59 -3.34 2.02 13.77
28.95 26.80 0.34 0.03 9.50 -2.92 1.95 19.92
28.97 26.37 0.28 -0.11 9.66 -2.82 2.28 14.65
29.00 26.51 0.15 0.05 9.64 -3.05 2.15 13.40
29.02 26.32 0.24 0.05 9.56 -3.02 2.26 14.27
29.04 26.51 0.21 -0.01 9.60 -3.11 2.02 16.82
29.07 26.37 0.16 -0.03 9.60 -2.87 2.32 18.27
29.09 26.37 0.25 0.09 9.57 -3.24 2.01 18.23
29.12 26.32 0.29 0.12 9.67 -3.02 2.22 16.90
29.14 26.51 0.02 0.01 9.61 -2.37 1.96 15.68
29.16 26.51 0.19 -0.06 9.54 -3.31 2.15 16.37
29.19 26.32 0.17 -0.12 9.62 -3.30 2.21 18.92
29.21 26.51 0.13 0.11 9.64 -2.87 2.24 20.18
29.23 26.65 0.50 -1.14 9.64 -2.90 2.11 22.40
29.26 26.65 0.38 -0.51 9.56 -3.47 2.21 22.78
29.28 26.27 0.37 -0.55 9.62 -3.21 2.19 23.13
29.30 26.37 0.30 -0.25 9.56 -2.77 2.27 23.07
29.33 26.51 0.26 -0.38 9.63 -2.78 2.25 25.01
29.35 26.56 0.31 -0.26 9.63 -3.19 1.99 25.46
29.38 26.56 0.42 -0.48 9.63 -2.95 2.07 24.13
29.40 26.37 0.19 0.44 9.59 -3.25 1.98 21.31
29.42 26.56 1.47 0.59 9.65 -3.30 2.29 19.44
29.45 26.37 0.28 -0.20 9.64 -2.66 2.35 18.81
29.47 26.32 0.26 -0.03 9.62 -2.95 2.26 16.81
29.50 26.65 0.28 0.00 9.57 -3.07 2.08 14.92
29.52 26.37 0.25 -0.01 9.62 -2.87 2.11 13.76
29.54 26.65 0.25 0.06 9.60 -3.16 2.08 12.53
29.57 26.56 0.22 -0.01 9.61 -3.08 2.33 12.37
29.59 26.51 0.21 0.01 9.58 -2.83 2.10 13.62
29.61 26.56 0.23 0.04 9.62 -3.23 2.19 16.04
29.64 26.37 0.29 -0.13 9.62 -3.20 2.07 15.37
29.66 26.56 0.18 -0.01 9.63 -3.15 1.83 15.56
29.68 26.32 0.22 -0.04 9.62 -3.06 2.27 16.53
29.71 26.56 0.32 0.04 9.63 -3.24 2.18 15.50
29.73 26.46 0.23 0.09 9.59 -3.36 2.13 14.61
29.76 26.37 0.25 0.03 9.57 -3.37 1.97 16.58
29.78 26.51 0.24 -0.04 9.62 -3.02 2.14 4.17
29.80 26.51 0.29 -0.05 9.61 -3.11 2.01 2.21
29.83 26.37 0.20 -0.06 9.58 -2.98 2.05 2.00
29.85 26.51 0.27 -0.03 9.60 -3.00 1.95 2.24
29.87 26.56 0.26 -0.01 9.63 -2.84 2.14 1.34
29.90 26.46 0.26 0.08 9.61 -3.27 1.82 0.65
29.92 26.37 0.24 0.01 9.60 -3.15 2.18 0.27
29.94 26.32 0.21 -0.01 9.64 -3.01 2.08 0.37
29.96 26.70 0.24 -0.06 9.63 -2.89 2.11 0.07
29.99 26.46 0.23 -0.02 9.60 -2.74 1.98 0.14
30.01 26.37 0.25 -0.02 9.60 -3.05 2.08 0.08
30.03 26.51 0.26 0.01 9.62 -3.02 1.76 0.00
30.06 26.51 0.22 -0.02 9.61 -2.92 2.15 -0.09
30.08 26.65 0.26 -0.03 9.57 -2.54 1.94 0.03
30.10 26.56 0.23 -0.02 9.61 -3.20 1.95 0.26
30.13 26.56 0.27 -0.02 9.55 -2.92 1.95 0.07
30.15 26.46 0.24 -0.03 9.62 -3.23 2.23 0.35
30.18 26.32 0.21 -0.05 9.57 -2.88 2.05 0.05
30.20 26.65 0.22 -0.01 9.61 -3.07 2.15 -0.23
30.22 26.51 0.23 0.00 9.60 -2.93 2.18 -0.06
30.25 26.46 0.25 -0.00 9.60 -2.85 2.14 0.27
30.27 26.46 0.26 -0.02 9.63 -2.97 1.92 -0.06
30.29 26.32 0.23 -0.01 9.59 -3.13 2.01 0.03
30.32 26.37 0.25 0.00 9.60 -3.08 2.04 0.18
30.34 26.51 0.21 -0.05 9.65 -2.85 2.10 -0.12
30.36 26.51 0.22 -0.02 9.61 -3.02 2.04 -0.20
30.39 26.46 0.23 0.00 9.60 -3.05 2.08 -0.15
30.41 26.37 0.24 0.01 9.62 -2.79 1.99 -0.26
30.43 26.27 0.23 0.01 9.59 -3.01 1.64 0.01
30.46 26.32 0.24 -0.01 9.59 -3.02 2.02 -0.11
30.48 26.56 0.20 -0.02 9.61 -2.78 1.82 -0.18
30.50 26.37 0.26 -0.01 9.60 -2.79 2.07 0.01
30.53 26.56 0.22 -0.01 9.63 -2.74 2.23 -0.10
30.55 26.37 0.22 -0.05 9.62 -2.95 2.11 0.22
30.58 26.37 0.21 -0.03 9.60 -2.67 2.27 -0.11
30.60 26.37 0.22 -0.05 9.55 -2.65 2.17 -0.13
30.62 26.37 0.21 -0.01 9.62 -2.96 2.18 -0.02
30.65 26.51 0.23 -0.02 9.63 -2.89 2.09 -0.19
30.67 26.65 0.23 -0.02 9.64 -2.85 2.28 -0.16
30.70 26.51 0.25 -0.05 9.60 -3.04 2.13 0.04
30.72 26.37 0.22 -0.02 9.55 -2.76 2.10 -0.21
30.74 26.51 0.29 -0.03 9.63 -2.99 2.19 -0.31
30.77 26.37 0.25 -0.02 9.60 -2.92 2.05 -0.14
30.79 26.46 0.24 -0.03 9.61 -2.94 2.08 -0.23
30.81 26.27 0.25 -0.03 9.58 -2.80 2.25 -0.05
30.84 26.70 0.24 -0.04 9.58 -3.15 1.97 -0.15
30.86 26.46 0.27 0.02 9.59 -3.17 1.89 -0.55
30.89 26.65 0.25 -0.02 9.62 -2.98 2.09 -0.74
30.91 26.46 0.26 0.00 9.61 -3.15 1.92 -0.87
30.93 26.32 0.25 -0.00 9.60 -3.15 1.91 -1.27
30.96 26.37 0.23 -0.01 9.56 -3.04 1.99 -1.06
30.98 26.56 0.23 0.01 9.58 -2.89 1.88 -0.73
31.00 26.32 0.22 0.01 9.56 -2.94 2.06 -0.62
31.03 26.56 0.21 -0.01 9.63 -2.75 1.94 -0.47
31.05 26.32 0.27 -0.01 9.62 -2.85 1.89 -0.08
31.08 26.37 0.23 -0.03 9.63 -2.77 1.98 -0.53
31.10 26.46 0.23 -0.03 9.61 -3.06 1.89 -0.16
31.12 26.37 0.24 -0.00 9.63 -3.15 1.94 -0.06
31.15 26.37 0.26 -0.01 9.60 -3.00 1.63 -0.31
31.17 26.37 0.25 -0.01 9.60 -2.92 1.80 -0.40
31.20 26.51 0.22 -0.06 9.65 -3.08 2.20 -0.44
31.22 26.70 0.22 -0.01 9.65 -3.08 1.97 -0.42
31.24 26.32 0.25 -0.01 9.64 -2.72 2.16 -0.24
31.27 26.56 0.24 -0.05 9.59 -3.02 2.27 -0.22
31.29 26.80 0.24 0.02 9.63 -2.90 2.00 -0.23
31.31 26.51 0.26 0.01 9.58 -2.98 1.79 -0.15
31.34 26.65 0.25 -0.02 9.63 -3.30 2.11 -0.17
31.36 26.56 0.25 -0.02 9.57 -2.88 2.08 -0.11
31.39 26.51 0.22 -0.03 9.59 -3.05 1.84 -0.32
31.41 26.32 0.25 0.03 9.60 -2.90 2.20 -0.52
31.43 26.51 0.22 -0.00 9.63 -3.01 2.12 -0.85
31.46 26.56 0.26 -0.01 9.57 -3.21 1.93 -0.60
31.48 26.32 0.25 -0.04 9.65 -2.97 2.12 -0.87
31.50 26.32 0.23 0.00 9.63 -3.15 1.97 -1.25
31.53 26.70 0.23 -0.03 9.61 -2.92 2.15 -1.77
31.55 26.51 0.28 -0.02 9.58 -2.90 1.89 -3.53
31.58 26.18 0.25 0.00 9.58 -2.72 2.14 -4.47
31.60 26.32 0.25 -0.01 9.59 -3.01 2.18 -6.24
31.62 26.65 0.26 -0.05 9.61 -3.02 1.84 -8.74
31.65 26.37 0.27 -0.01 9.57 -3.04 1.88 -9.41
31.67 26.51 0.23 -0.00 9.58 -2.90 2.12 -8.72
31.69 26.27 0.25 -0.01 9.62 -2.79 1.98 -8.20
31.72 26.65 0.23 -0.04 9.60 -2.95 2.08 -8.04
31.74 26.65 0.23 -0.04 9.61 -2.82 1.60 -8.18
31.77 26.65 0.29 0.01 9.64 -2.98 1.85 -7.98
31.79 26.56 0.24 0.02 9.63 -2.87 1.96 -7.61
31.81 26.51 0.25 -0.02 9.62 -2.93 1.79 -7.52
31.84 26.56 0.23 -0.02 9.65 -2.92 1.91 -7.27
31.86 26.46 0.25 -0.08 9.62 -2.86 1.82 -8.15
31.89 26.56 0.28 -0.01 9.59 -2.93 2.13 -8.60
31.91 26.51 0.26 -0.03 9.63 -2.86 1.89 -8.53
31.93 26.37 0.24 -0.01 9.58 -2.99 2.21 -8.69
31.96 26.46 0.24 -0.06 9.61 -2.60 2.12 -9.06
31.98 26.56 0.25 -0.01 9.64 -2.60 2.13 -9.17
32.01 26.51 0.29 -0.01 9.60 -3.06 1.92 -10.57
32.03 26.37 0.29 -0.00 9.60 -3.08 1.96 -12.37
32.05 26.70 0.27 -0.01 9.56 -2.73 1.89 -13.12
32.08 26.56 0.18 -0.01 9.56 -2.93 1.85 -11.74
32.10 26.32 0.25 -0.05 9.60 -2.90 2.00 -11.65
32.13 26.56 0.25 -0.02 9.62 -2.84 1.77 -11.77
32.15 26.46 0.24 -0.00 9.54 -3.18 2.01 -11.63
32.18 26.56 0.28 -0.04 9.58 -2.78 2.10 -12.35
32.20 26.37 0.25 -0.03 9.61 -2.79 1.88 -12.84
32.22 26.65 0.21 -0.01 9.58 -3.05 2.06 -11.84
32.25 26.65 0.29 -0.00 9.58 -2.77 1.93 -11.95
32.27 26.18 0.24 0.03 9.63 -2.68 1.81 -12.38
32.30 26.51 0.21 -0.03 9.59 -3.24 1.88 -11.59
32.32 26.37 0.25 -0.05 9.57 -3.02 2.05 -10.55
32.35 26.51 0.23 -0.09 9.60 -2.93 2.24 -8.90
32.37 26.56 0.31 -0.03 9.60 -2.82 1.82 -7.67
32.40 26.70 0.23 -0.03 9.61 -2.93 2.08 -8.47
32.42 26.37 0.16 0.03 9.65 -3.40 2.21 -3.70
32.44 26.65 0.27 -0.05 9.57 -3.27 1.98 -0.39
32.47 26.37 0.28 -0.04 9.64 -3.26 1.58 0.09
32.49 26.51 0.30 0.04 9.58 -3.47 1.67 -0.13
32.51 26.46 0.25 -0.02 9.59 -2.94 1.92 0.09
32.54 26.65 0.25 0.01 9.67 -2.97 2.05 0.04
32.56 26.56 0.23 -0.01 9.61 -3.08 2.11 -0.06
32.58 26.46 0.26 -0.05 9.59 -3.05 2.07 0.27
32.61 26.56 0.25 -0.03 9.62 -2.94 2.04 -0.13
32.63 26.65 0.26 0.02 9.65 -3.01 2.06 -0.14
32.65 26.37 0.25 -0.03 9.60 -2.92 2.03 -0.10
32.68 26.51 0.28 -0.07 9.64 -3.16 1.87 0.05
32.70 26.56 0.27 -0.03 9.58 -2.81 2.26 0.04
32.72 26.37 0.28 -0.03 9.59 -2.89 1.87 0.07
32.75 26.46 0.25 0.01 9.61 -2.98 2.01 -0.05
32.77 26.32 0.27 0.00 9.66 -3.11 2.14 -0.15
32.79 26.80 0.26 -0.03 9.66 -2.95 2.08 -0.05
32.82 26.51 0.24 -0.06 9.61 -3.01 2.15 0.25
32.84 26.56 0.27 -0.02 9.60 -3.02 1.85 -0.02
32.87 26.51 0.25 0.00 9.59 -2.60 2.06 -0.21
32.89 26.56 0.23 -0.06 9.62 -3.89 1.87 -0.10
32.91 26.37 0.21 -0.09 9.66 -3.89 1.97 -0.04
32.94 26.56 0.42 1.43 9.58 -2.63 2.33 -3.76
32.96 26.56 -0.49 4.71 9.00 -2.08 1.91 1.43
32.98 26.51 0.27 -0.03 9.57 -2.68 2.35 0.08
33.01 26.37 0.32 -0.02 9.64 -2.14 2.48 -0.94
33.03 26.32 0.28 -0.01 9.62 -3.26 1.89 -3.46
33.06 26.56 0.20 -0.01 9.61 -3.24 2.36 -2.07
33.08 26.32 0.23 -0.04 9.68 -4.43 2.30 -0.33
33.10 26.37 0.25 -0.02 9.60 -6.82 3.08 -0.24
33.13 26.37 0.29 -0.10 9.42 -5.73 2.95 -0.23
33.15 26.56 0.30 -0.05 9.55 -2.89 2.45 -1.25
33.18 26.56 0.23 -0.10 9.56 -3.76 2.24 -3.64
33.20 26.32 0.27 -0.07 9.58 -2.80 1.80 -4.83
33.22 26.56 0.31 0.03 9.61 -2.64 2.00 -5.57
33.25 26.51 0.25 -0.07 9.69 -4.56 2.42 -7.80
33.27 26.51 0.32 -0.20 9.47 -3.37 1.95 -12.63
33.29 26.37 0.30 -0.30 9.60 -2.49 2.02 -15.40
33.32 26.32 0.27 0.05 9.65 -4.02 2.37 -17.42
33.34 26.51 0.30 0.35 9.51 -3.40 2.33 -19.96
33.37 26.51 0.13 -0.15 9.55 -1.76 2.17 -16.34
33.39 26.37 0.17 -0.19 9.65 -1.35 1.69 -13.18
33.42 26.56 0.32 -0.02 9.65 -2.78 1.84 -12.13
33.44 26.51 0.23 -0.18 9.58 -3.26 2.12 -11.89
33.46 26.70 0.28 -0.07 9.60 -3.15 1.95 -11.18
33.49 26.51 0.25 -0.07 9.68 -4.34 2.28 -12.21
33.51 26.56 0.35 -0.14 9.58 -3.77 2.11 -17.50
33.54 26.32 0.30 -0.08 9.57 -1.76 1.81 -19.39
33.56 26.56 0.24 -0.24 9.62 -1.25 1.85 -19.82
33.59 26.65 0.44 0.31 9.58 -2.34 1.74 -20.44
33.61 26.56 0.24 0.03 9.64 -2.97 1.91 -24.21
33.63 26.46 0.37 0.13 9.61 -2.77 1.79 -26.85
33.66 26.56 0.34 -0.01 9.64 -3.17 2.04 -31.34
33.68 26.56 0.33 -0.58 9.56 -1.82 1.63 -37.71
33.71 26.85 0.74 0.88 9.53 -0.64 1.39 -47.64
33.73 26.51 0.26 -1.95 9.18 -2.36 1.55 -51.07
33.76 26.65 -0.10 1.08 9.41 -1.95 0.85 -48.79
33.78 26.65 -0.04 2.84 9.40 -0.67 1.17 -46.24
33.81 26.46 -0.19 0.16 9.48 -1.92 1.58 -34.86
33.83 26.51 0.08 -0.15 9.57 -2.73 2.15 -24.66
33.85 26.37 0.25 -0.07 9.58 -2.09 1.44 -21.95
33.88 26.56 0.21 -0.07 9.66 -2.47 1.65 -21.14
33.90 26.51 0.38 0.84 9.61 -2.44 1.79 -24.69
33.93 26.46 0.25 1.15 9.62 -3.14 1.86 -26.31
33.95 26.51 -0.17 2.11 9.57 -3.50 1.82 -29.95
33.97 26.37 0.21 -0.27 9.67 -2.79 1.95 -29.43
34.00 26.65 0.33 0.11 9.63 -2.37 1.87 -29.73
34.02 26.37 0.39 -0.50 9.62 -2.67 1.77 -30.45
34.05 26.46 0.26 1.14 9.68 -2.90 2.00 -33.69
34.07 26.56 0.89 -1.83 9.71 -2.69 1.94 -34.87
34.10 26.65 -0.76 2.76 9.54 -3.41 1.53 -41.90
34.12 26.37 0.56 -0.17 9.58 -3.10 1.66 -38.00
34.15 26.51 -0.39 0.92 9.58 -3.77 1.56 -37.40
34.17 26.56 0.22 -0.46 9.55 -2.57 1.66 -41.82
34.19 26.37 -0.40 1.16 9.44 -3.35 1.69 -47.53
34.22 26.65 0.61 -1.86 9.61 -2.64 1.87 -45.51
34.24 26.51 -0.23 -0.12 9.67 -3.02 1.63 -46.57
34.27 26.46 0.77 -0.51 9.58 -2.88 1.78 -43.98
34.29 26.32 -1.58 1.38 9.41 -3.03 1.31 -41.48
34.32 26.51 -0.28 0.11 9.67 -3.10 1.65 -39.96
34.34 26.46 0.08 0.06 9.60 -2.76 1.82 -40.93
34.36 26.51 -1.27 0.93 9.50 -2.86 1.66 -42.64
34.39 26.56 1.67 -0.27 9.64 -2.69 1.86 -41.42
34.41 26.46 -0.08 0.93 9.61 -3.45 1.70 -41.06
34.44 26.27 0.06 0.54 9.68 -3.18 1.89 -42.21
34.46 26.65 1.16 0.36 9.67 -3.11 1.78 -42.63
34.49 26.51 1.00 0.38 9.66 -3.15 1.92 -40.15
34.51 26.37 0.58 0.16 9.55 -2.95 1.83 -35.86
34.53 26.80 1.04 -0.12 9.58 -2.08 1.80 -36.15
34.56 26.46 0.56 0.76 9.57 -3.47 1.98 -39.58
34.58 26.37 0.78 -0.14 9.67 -3.30 1.79 -37.98
34.61 26.65 -0.28 -0.97 9.54 -2.28 1.79 -38.92
34.63 26.51 -0.20 0.94 9.62 -3.85 1.69 -46.17
34.66 26.65 -0.16 0.29 9.61 -4.56 1.50 -46.64
34.68 26.51 1.34 0.51 9.65 -3.43 1.86 -45.27
34.70 26.37 0.06 0.29 9.57 -3.47 1.75 -46.21
34.73 26.51 0.31 -0.10 9.61 -2.00 1.82 -42.27
34.75 26.51 0.32 0.09 9.57 -2.86 1.98 -44.58
34.78 26.51 0.22 -0.24 9.56 -2.92 1.92 -41.42
34.80 26.51 0.56 0.23 9.57 -2.82 1.73 -41.87
34.83 26.80 0.50 0.01 9.53 -3.00 1.80 -43.31
34.85 26.80 0.61 0.03 9.57 -3.26 1.83 -43.48
34.87 26.65 0.01 0.66 9.58 -2.79 1.88 -46.53
34.90 26.37 0.35 -0.15 9.63 -3.00 1.69 -47.84
34.92 26.51 -0.17 -0.69 9.56 -3.29 1.76 -47.23
34.95 26.32 0.85 0.54 9.64 -2.75 2.07 -46.00
34.97 26.46 0.64 -0.55 9.55 -1.93 1.91 -45.60
34.99 26.65 0.26 0.59 9.69 -2.75 1.92 -47.18
35.02 26.65 0.23 -0.12 9.60 -2.81 1.68 -43.69
35.04 26.56 0.43 0.57 9.66 -2.90 2.02 -40.05
35.07 26.46 0.50 0.17 9.59 -2.45 1.90 -34.34
35.09 26.65 0.29 0.16 9.59 -2.92 2.04 -34.01
35.12 26.32 0.37 0.17 9.63 -3.24 2.06 -30.72
35.14 26.65 0.30 -0.17 9.64 -2.60 1.88 -28.54
35.16 26.56 0.51 0.06 9.62 -2.55 1.95 -26.39
35.19 26.51 0.53 -0.23 9.60 -2.50 1.73 -25.00
35.21 26.56 0.38 0.18 9.61 -2.71 1.99 -19.60
35.24 26.32 0.83 0.91 9.58 -3.18 2.38 -16.38
35.26 26.37 0.47 0.34 9.62 -2.75 1.98 -12.65
35.28 26.32 0.34 -0.03 9.64 -2.83 2.20 -12.36
35.31 26.46 0.12 0.26 9.57 -3.42 1.98 -22.50
35.33 26.32 0.32 -0.40 9.64 -2.84 1.72 -16.27
35.36 26.51 0.38 0.50 9.58 -2.82 2.12 -15.84
35.38 26.51 0.41 0.40 9.64 -3.09 2.05 -15.15
35.40 26.65 0.46 0.04 9.58 -3.00 1.86 -12.75
35.43 26.65 0.46 -0.03 9.57 -3.18 1.91 -12.26
35.45 26.70 0.42 -0.13 9.61 -3.05 1.95 -12.76
35.48 26.65 0.37 0.02 9.56 -2.70 1.76 -14.85
35.50 26.51 0.38 0.16 9.67 -3.41 2.19 -14.56
35.52 26.51 0.39 0.09 9.63 -3.21 2.15 -12.34
35.55 26.65 0.34 0.12 9.69 -2.63 2.13 -14.52
35.57 26.65 0.38 0.32 9.62 -2.89 1.77 -18.22
35.60 26.56 0.39 0.09 9.62 -2.56 2.06 -21.07
35.62 26.80 0.41 0.28 9.61 -2.44 2.15 -21.96
35.64 26.65 0.20 0.63 9.61 -2.82 2.11 -27.50
35.67 26.37 0.33 0.34 9.68 -2.74 1.93 -24.14
35.69 26.51 0.49 -0.23 9.62 -2.81 1.91 -27.63
35.72 26.37 0.41 -0.12 9.67 -2.61 2.05 -25.31
35.74 26.56 0.46 -0.25 9.61 -2.76 1.66 -23.36
35.77 26.56 0.35 -0.09 9.58 -3.28 2.23 -16.69
35.79 26.56 0.40 0.02 9.66 -2.64 2.01 -12.84
35.81 26.56 0.37 0.03 9.62 -2.73 2.14 -13.33
35.84 26.56 0.35 0.04 9.52 -2.81 2.14 -15.60
35.86 26.56 0.46 0.01 9.57 -2.69 2.05 -15.64
35.88 26.56 0.39 0.00 9.59 -3.40 2.16 -15.90
35.91 26.56 0.35 0.03 9.57 -3.32 2.18 -18.41
35.93 26.65 0.37 0.32 9.62 -3.30 2.40 -21.05
35.96 26.37 0.45 -0.35 9.56 -3.45 2.10 -18.60
35.98 26.46 0.39 0.01 9.60 -3.26 2.01 -16.27
36.01 26.46 0.84 0.11 9.65 -3.53 2.09 -13.64
36.03 26.37 0.59 0.07 9.57 -2.15 1.96 -8.52
36.05 26.51 0.38 0.02 9.55 -3.37 1.66 -1.50
36.08 26.51 0.35 0.05 9.62 -3.26 1.95 -0.98
36.10 26.37 0.39 0.06 9.60 -2.90 2.02 -0.85
36.12 26.80 0.40 0.01 9.63 -3.08 1.79 -0.88
36.15 26.56 0.30 0.05 9.54 -3.27 2.30 -1.47
36.17 26.32 0.34 -0.02 9.64 -2.89 2.19 -0.37
36.19 26.46 0.36 0.02 9.70 -2.73 2.20 -0.21
36.22 26.37 0.38 0.01 9.63 -2.95 2.32 -0.11
36.24 26.65 0.36 0.03 9.61 -3.05 2.25 -0.35
36.26 26.56 0.42 0.00 9.59 -2.81 2.01 -0.21
36.29 26.46 0.36 0.05 9.58 -3.11 1.89 -0.05
36.31 26.65 0.30 -0.02 9.61 -3.57 2.37 0.42
36.33 26.56 0.33 -0.02 9.59 -3.10 1.96 0.32
36.36 26.51 0.42 0.08 9.64 -3.05 2.17 0.18
36.38 26.80 0.39 0.01 9.63 -3.18 2.15 -0.21
36.40 26.65 0.42 0.03 9.59 -3.00 2.02 -0.24
36.43 26.65 0.40 0.05 9.58 -3.11 2.14 0.03
36.45 26.46 0.40 0.05 9.56 -3.06 1.99 0.07
36.47 26.46 0.42 0.02 9.57 -2.68 2.21 -0.05
36.50 26.56 0.44 0.05 9.60 -2.64 2.13 -0.04
36.52 26.65 0.41 0.04 9.61 -2.76 1.90 -0.15
36.54 26.56 0.38 0.02 9.64 -3.32 2.12 0.24
36.57 26.65 0.41 0.02 9.55 -3.06 2.23 -0.02
36.59 26.37 0.42 0.12 9.70 -5.68 2.52 -0.40
36.61 26.51 0.38 -0.02 9.59 -3.44 2.27 0.08
36.64 26.46 0.40 0.03 9.64 -3.40 2.14 0.18
36.66 26.65 0.39 0.05 9.58 -3.05 2.12 0.08
36.68 26.56 0.40 0.06 9.71 -3.18 2.40 0.19
36.71 26.51 0.42 -0.01 9.59 -2.88 2.31 0.66
36.73 26.32 0.35 0.05 9.54 -2.62 2.08 0.63
36.75 26.37 0.37 0.04 9.63 -2.47 1.92 0.66
36.77 26.37 0.36 0.13 9.58 -1.69 1.52 -0.10
36.80 26.51 0.27 -0.22 9.72 -1.38 1.47 0.43
36.82 26.51 0.47 0.04 9.64 -2.56 1.69 0.85
36.84 26.56 0.39 0.12 9.63 -3.13 2.16 2.56
36.87 26.65 0.35 0.06 9.60 -2.87 2.18 -0.40
36.89 26.32 0.40 -0.02 9.65 -3.08 1.96 -0.40
36.91 26.70 0.38 0.02 9.63 -2.85 2.15 -0.02
36.94 26.56 0.42 0.00 9.61 -2.92 2.21 -0.33
36.96 26.27 0.39 0.06 9.60 -2.90 1.95 0.12
36.98 26.51 0.42 0.05 9.60 -2.83 1.89 0.01
37.01 26.46 0.39 0.06 9.60 -2.87 2.32 0.17
37.03 26.51 0.40 0.09 9.59 -2.89 2.09 0.00
37.05 26.51 0.44 0.04 9.58 -3.07 2.14 -0.11
37.08 26.56 0.39 0.07 9.63 -2.95 1.87 -0.11
37.10 26.51 0.37 -0.02 9.56 -3.04 2.16 -0.09
37.12 26.80 0.39 0.02 9.64 -3.04 2.33 -0.02
37.15 26.65 0.38 0.03 9.62 -3.08 1.85 0.15
37.17 26.37 0.41 0.03 9.59 -2.75 1.85 -0.22
37.19 26.46 0.38 0.03 9.61 -2.99 2.05 -0.03
37.22 26.51 0.42 0.03 9.64 -3.01 1.91 -0.02
37.24 26.51 0.40 0.04 9.58 -2.79 2.20 0.08
37.26 26.56 0.38 0.02 9.60 -2.93 2.04 0.21
37.28 26.51 0.40 0.01 9.62 -3.30 2.15 0.11
37.31 26.51 0.40 0.03 9.64 -2.87 1.81 0.05
37.33 26.56 0.36 0.04 9.55 -2.95 2.02 -0.09
37.35 26.32 0.41 0.04 9.60 -2.99 1.93 -0.02
37.38 26.70 0.37 0.05 9.58 -2.62 2.23 0.01
37.40 26.46 0.41 0.05 9.58 -2.78 1.89 -0.02
37.42 26.32 0.38 0.08 9.67 -3.26 2.02 -0.08
37.45 26.56 0.40 0.03 9.68 -2.82 1.98 0.20
37.47 26.51 0.42 0.02 9.64 -3.05 2.04 0.15
37.49 26.51 0.39 0.06 9.60 -3.11 1.92 -0.13
37.52 26.37 0.41 0.01 9.62 -2.98 2.05 -0.19
37.54 26.37 0.39 0.02 9.59 -3.13 2.05 -0.10
37.56 26.80 0.42 0.04 9.58 -3.09 2.27 0.24
37.59 26.85 0.38 0.01 9.63 -2.95 2.11 0.00
37.61 26.37 0.38 0.01 9.67 -3.13 2.18 -0.05
37.63 26.46 0.38 0.03 9.57 -3.11 1.99 0.11
37.65 26.32 0.39 0.06 9.61 -3.10 1.82 -0.21
37.68 26.65 0.36 0.05 9.63 -2.62 2.03 0.02
37.70 26.56 0.42 0.04 9.64 -2.88 1.97 -0.37
37.72 26.65 0.39 0.03 9.57 -2.91 2.20 0.06
37.75 26.37 0.38 0.02 9.65 -3.09 2.08 0.08
37.77 26.80 0.40 0.04 9.59 -3.05 2.27 0.15
37.79 26.56 0.38 0.04 9.53 -2.99 1.98 0.09
37.82 26.46 0.38 0.01 9.55 -3.02 2.35 -0.19
37.84 26.80 0.39 0.02 9.61 -3.00 2.25 -0.13
37.86 26.51 0.38 0.04 9.56 -2.86 2.14 0.02
37.88 26.46 0.37 0.06 9.58 -3.08 1.93 -0.20
37.91 26.51 0.40 0.05 9.56 -2.84 1.99 -0.24
37.93 26.51 0.35 -0.02 9.58 -2.89 2.06 -0.22
37.96 26.89 0.40 0.04 9.57 -2.90 2.01 -0.20
37.98 26.51 0.39 0.05 9.63 -2.71 2.16 0.08
38.00 26.65 0.39 0.05 9.56 -2.81 1.96 0.08
38.03 26.56 0.38 0.02 9.61 -2.89 1.95 -0.26
38.05 26.51 0.37 0.04 9.61 -2.87 2.14 0.04
38.07 26.32 0.40 0.04 9.58 -2.71 1.92 0.04
38.09 26.37 0.41 0.04 9.56 -2.88 2.04 0.05
38.12 26.37 0.40 0.03 9.60 -2.90 2.06 0.12
38.14 26.56 0.41 0.02 9.63 -3.02 2.15 -0.08
38.16 26.37 0.41 0.02 9.58 -2.91 1.89 0.21
38.19 26.65 0.39 0.06 9.59 -2.94 1.91 -0.22
38.21 26.32 0.41 0.06 9.56 -2.88 2.05 0.03
38.23 26.80 0.37 0.06 9.58 -3.01 2.17 0.12
38.26 26.51 0.41 0.04 9.60 -2.99 1.98 -0.06
38.28 26.70 0.37 0.03 9.64 -2.90 2.01 -0.05
38.30 26.65 0.37 0.02 9.59 -3.19 2.06 -0.10
38.33 26.70 0.40 0.06 9.57 -2.73 1.92 -0.04
38.35 26.37 0.36 0.07 9.58 -2.98 1.99 0.02
38.37 26.65 0.39 0.02 9.57 -3.12 2.13 -0.09
38.40 26.37 0.38 0.03 9.58 -2.86 2.22 -0.15
